
DATA 1
(0.1; 0.1; 60.0)
(0.1; 0.1; 100.0)
(0.1; 0.1; 150.0)
(0.1; 0.1; 160.0)
(0.1; 0.1; 170.0)
(0.1; 0.1; 190.0)
(0.1; 0.1; 200.0)
(0.1; 0.2; 20.0)
(0.1; 0.2; 40.0)
(0.1; 0.2; 50.0)
(0.1; 0.2; 70.0)
(0.1; 0.2; 80.0)
(0.1; 0.2; 160.0)
(0.1; 0.2; 170.0)
(0.1; 0.2; 180.0)
(0.1; 0.3; 10.0)
(0.1; 0.3; 20.0)
(0.1; 0.3; 40.0)
(0.1; 0.3; 60.0)
(0.1; 0.3; 80.0)
(0.1; 0.3; 90.0)
(0.1; 0.3; 120.0)
(0.1; 0.3; 170.0)
(0.1; 0.4; 40.0)
(0.1; 0.4; 50.0)
(0.1; 0.4; 60.0)
(0.1; 0.4; 80.0)
(0.1; 0.4; 90.0)
(0.1; 0.4; 140.0)
(0.1; 0.4; 200.0)
(0.1; 0.5; 30.0)
(0.1; 0.5; 50.0)
(0.1; 0.5; 60.0)
(0.1; 0.5; 90.0)
(0.1; 0.5; 130.0)
(0.1; 0.5; 160.0)
(0.1; 0.5; 170.0)
(0.1; 0.5; 180.0)
(0.1; 0.5; 190.0)
(0.1; 0.5; 200.0)
(0.1; 0.6; 20.0)
(0.1; 0.6; 30.0)
(0.1; 0.6; 40.0)
(0.1; 0.6; 100.0)
(0.1; 0.6; 110.0)
(0.1; 0.6; 160.0)
(0.1; 0.6; 190.0)
(0.1; 0.7; 10.0)
(0.1; 0.7; 40.0)
(0.1; 0.7; 50.0)
(0.1; 0.7; 60.0)
(0.1; 0.7; 80.0)
(0.1; 0.7; 110.0)
(0.1; 0.7; 140.0)
(0.1; 0.7; 150.0)
(0.1; 0.7; 190.0)
(0.1; 0.7; 200.0)
(0.1; 0.8; 10.0)
(0.1; 0.8; 30.0)
(0.1; 0.8; 40.0)
(0.1; 0.8; 50.0)
(0.1; 0.8; 80.0)
(0.1; 0.8; 170.0)
(0.1; 0.8; 180.0)
(0.1; 0.8; 190.0)
(0.1; 0.8; 200.0)
(0.1; 0.9; 30.0)
(0.1; 0.9; 40.0)
(0.1; 0.9; 50.0)
(0.1; 0.9; 70.0)
(0.1; 0.9; 80.0)
(0.1; 0.9; 120.0)
(0.1; 0.9; 150.0)
(0.1; 0.9; 160.0)
(0.1; 0.9; 180.0)
(0.1; 0.9; 190.0)
(0.1; 1.0; 20.0)
(0.1; 1.0; 60.0)
(0.1; 1.0; 70.0)
(0.1; 1.0; 100.0)
(0.1; 1.0; 120.0)
(0.1; 1.0; 130.0)
(0.1; 1.0; 140.0)
(0.1; 1.0; 190.0)
(0.1; 1.0; 200.0)
(0.2; 0.1; 10.0)
(0.2; 0.1; 30.0)
(0.2; 0.1; 40.0)
(0.2; 0.1; 50.0)
(0.2; 0.1; 70.0)
(0.2; 0.1; 80.0)
(0.2; 0.1; 100.0)
(0.2; 0.1; 110.0)
(0.2; 0.1; 120.0)
(0.2; 0.1; 130.0)
(0.2; 0.1; 140.0)
(0.2; 0.1; 150.0)
(0.2; 0.1; 170.0)
(0.2; 0.1; 180.0)
(0.2; 0.1; 190.0)
(0.2; 0.2; 10.0)
(0.2; 0.2; 20.0)
(0.2; 0.2; 30.0)
(0.2; 0.2; 40.0)
(0.2; 0.2; 50.0)
(0.2; 0.2; 60.0)
(0.2; 0.2; 70.0)
(0.2; 0.2; 80.0)
(0.2; 0.2; 90.0)
(0.2; 0.2; 100.0)
(0.2; 0.2; 110.0)
(0.2; 0.2; 120.0)
(0.2; 0.2; 130.0)
(0.2; 0.2; 140.0)
(0.2; 0.2; 150.0)
(0.2; 0.2; 160.0)
(0.2; 0.2; 170.0)
(0.2; 0.2; 180.0)
(0.2; 0.2; 200.0)
(0.2; 0.3; 10.0)
(0.2; 0.3; 20.0)
(0.2; 0.3; 30.0)
(0.2; 0.3; 40.0)
(0.2; 0.3; 50.0)
(0.2; 0.3; 60.0)
(0.2; 0.3; 70.0)
(0.2; 0.3; 80.0)
(0.2; 0.3; 90.0)
(0.2; 0.3; 100.0)
(0.2; 0.3; 110.0)
(0.2; 0.3; 120.0)
(0.2; 0.3; 140.0)
(0.2; 0.3; 150.0)
(0.2; 0.3; 160.0)
(0.2; 0.3; 170.0)
(0.2; 0.3; 180.0)
(0.2; 0.3; 200.0)
(0.2; 0.4; 10.0)
(0.2; 0.4; 60.0)
(0.2; 0.4; 90.0)
(0.2; 0.4; 100.0)
(0.2; 0.4; 110.0)
(0.2; 0.4; 180.0)
(0.2; 0.4; 190.0)
(0.2; 0.4; 200.0)
(0.2; 0.5; 10.0)
(0.2; 0.5; 20.0)
(0.2; 0.5; 60.0)
(0.2; 0.5; 70.0)
(0.2; 0.5; 80.0)
(0.2; 0.5; 90.0)
(0.2; 0.5; 100.0)
(0.2; 0.5; 120.0)
(0.2; 0.5; 130.0)
(0.2; 0.5; 140.0)
(0.2; 0.5; 150.0)
(0.2; 0.5; 190.0)
(0.2; 0.5; 200.0)
(0.2; 0.6; 10.0)
(0.2; 0.6; 20.0)
(0.2; 0.6; 40.0)
(0.2; 0.6; 60.0)
(0.2; 0.6; 70.0)
(0.2; 0.6; 90.0)
(0.2; 0.6; 130.0)
(0.2; 0.6; 140.0)
(0.2; 0.6; 150.0)
(0.2; 0.6; 160.0)
(0.2; 0.6; 170.0)
(0.2; 0.6; 180.0)
(0.2; 0.6; 190.0)
(0.2; 0.6; 200.0)
(0.2; 0.7; 10.0)
(0.2; 0.7; 20.0)
(0.2; 0.7; 30.0)
(0.2; 0.7; 40.0)
(0.2; 0.7; 80.0)
(0.2; 0.7; 90.0)
(0.2; 0.7; 100.0)
(0.2; 0.7; 120.0)
(0.2; 0.7; 130.0)
(0.2; 0.7; 140.0)
(0.2; 0.7; 150.0)
(0.2; 0.7; 160.0)
(0.2; 0.7; 170.0)
(0.2; 0.7; 180.0)
(0.2; 0.7; 190.0)
(0.2; 0.7; 200.0)
(0.2; 0.8; 10.0)
(0.2; 0.8; 20.0)
(0.2; 0.8; 30.0)
(0.2; 0.8; 40.0)
(0.2; 0.8; 60.0)
(0.2; 0.8; 80.0)
(0.2; 0.8; 100.0)
(0.2; 0.8; 120.0)
(0.2; 0.8; 140.0)
(0.2; 0.8; 150.0)
(0.2; 0.8; 160.0)
(0.2; 0.8; 170.0)
(0.2; 0.8; 180.0)
(0.2; 0.8; 190.0)
(0.2; 0.8; 200.0)
(0.2; 0.9; 10.0)
(0.2; 0.9; 30.0)
(0.2; 0.9; 40.0)
(0.2; 0.9; 50.0)
(0.2; 0.9; 60.0)
(0.2; 0.9; 70.0)
(0.2; 0.9; 90.0)
(0.2; 0.9; 100.0)
(0.2; 0.9; 110.0)
(0.2; 0.9; 120.0)
(0.2; 0.9; 130.0)
(0.2; 0.9; 140.0)
(0.2; 0.9; 150.0)
(0.2; 0.9; 170.0)
(0.2; 0.9; 180.0)
(0.2; 0.9; 190.0)
(0.2; 0.9; 200.0)
(0.2; 1.0; 10.0)
(0.2; 1.0; 20.0)
(0.2; 1.0; 30.0)
(0.2; 1.0; 40.0)
(0.2; 1.0; 60.0)
(0.2; 1.0; 70.0)
(0.2; 1.0; 80.0)
(0.2; 1.0; 90.0)
(0.2; 1.0; 100.0)
(0.2; 1.0; 110.0)
(0.2; 1.0; 120.0)
(0.2; 1.0; 130.0)
(0.2; 1.0; 140.0)
(0.2; 1.0; 150.0)
(0.2; 1.0; 170.0)
(0.2; 1.0; 180.0)
(0.2; 1.0; 190.0)
(0.2; 1.0; 200.0)
(0.3; 0.1; 10.0)
(0.3; 0.1; 20.0)
(0.3; 0.1; 30.0)
(0.3; 0.1; 40.0)
(0.3; 0.1; 50.0)
(0.3; 0.1; 60.0)
(0.3; 0.1; 70.0)
(0.3; 0.1; 80.0)
(0.3; 0.1; 90.0)
(0.3; 0.1; 100.0)
(0.3; 0.1; 120.0)
(0.3; 0.1; 130.0)
(0.3; 0.1; 140.0)
(0.3; 0.1; 160.0)
(0.3; 0.1; 170.0)
(0.3; 0.1; 190.0)
(0.3; 0.1; 200.0)
(0.3; 0.2; 10.0)
(0.3; 0.2; 30.0)
(0.3; 0.2; 40.0)
(0.3; 0.2; 50.0)
(0.3; 0.2; 60.0)
(0.3; 0.2; 70.0)
(0.3; 0.2; 80.0)
(0.3; 0.2; 100.0)
(0.3; 0.2; 120.0)
(0.3; 0.2; 130.0)
(0.3; 0.2; 140.0)
(0.3; 0.2; 150.0)
(0.3; 0.2; 180.0)
(0.3; 0.2; 190.0)
(0.3; 0.2; 200.0)
(0.3; 0.3; 10.0)
(0.3; 0.3; 20.0)
(0.3; 0.3; 30.0)
(0.3; 0.3; 50.0)
(0.3; 0.3; 60.0)
(0.3; 0.3; 80.0)
(0.3; 0.3; 100.0)
(0.3; 0.3; 110.0)
(0.3; 0.3; 120.0)
(0.3; 0.3; 130.0)
(0.3; 0.3; 150.0)
(0.3; 0.3; 160.0)
(0.3; 0.3; 200.0)
(0.3; 0.4; 20.0)
(0.3; 0.4; 40.0)
(0.3; 0.4; 60.0)
(0.3; 0.4; 70.0)
(0.3; 0.4; 80.0)
(0.3; 0.4; 90.0)
(0.3; 0.4; 100.0)
(0.3; 0.4; 110.0)
(0.3; 0.4; 120.0)
(0.3; 0.4; 140.0)
(0.3; 0.4; 150.0)
(0.3; 0.4; 160.0)
(0.3; 0.4; 200.0)
(0.3; 0.5; 10.0)
(0.3; 0.5; 20.0)
(0.3; 0.5; 30.0)
(0.3; 0.5; 50.0)
(0.3; 0.5; 60.0)
(0.3; 0.5; 70.0)
(0.3; 0.5; 90.0)
(0.3; 0.5; 100.0)
(0.3; 0.5; 110.0)
(0.3; 0.5; 140.0)
(0.3; 0.5; 150.0)
(0.3; 0.5; 160.0)
(0.3; 0.5; 170.0)
(0.3; 0.5; 180.0)
(0.3; 0.5; 190.0)
(0.3; 0.5; 200.0)
(0.3; 0.6; 20.0)
(0.3; 0.6; 30.0)
(0.3; 0.6; 40.0)
(0.3; 0.6; 50.0)
(0.3; 0.6; 60.0)
(0.3; 0.6; 70.0)
(0.3; 0.6; 90.0)
(0.3; 0.6; 100.0)
(0.3; 0.6; 110.0)
(0.3; 0.6; 120.0)
(0.3; 0.6; 130.0)
(0.3; 0.6; 150.0)
(0.3; 0.6; 160.0)
(0.3; 0.6; 170.0)
(0.3; 0.6; 190.0)
(0.3; 0.6; 200.0)
(0.3; 0.7; 10.0)
(0.3; 0.7; 20.0)
(0.3; 0.7; 40.0)
(0.3; 0.7; 50.0)
(0.3; 0.7; 60.0)
(0.3; 0.7; 70.0)
(0.3; 0.7; 80.0)
(0.3; 0.7; 90.0)
(0.3; 0.7; 100.0)
(0.3; 0.7; 110.0)
(0.3; 0.7; 120.0)
(0.3; 0.7; 130.0)
(0.3; 0.7; 140.0)
(0.3; 0.7; 150.0)
(0.3; 0.7; 160.0)
(0.3; 0.7; 170.0)
(0.3; 0.7; 180.0)
(0.3; 0.7; 190.0)
(0.3; 0.7; 200.0)
(0.3; 0.8; 10.0)
(0.3; 0.8; 20.0)
(0.3; 0.8; 30.0)
(0.3; 0.8; 40.0)
(0.3; 0.8; 50.0)
(0.3; 0.8; 60.0)
(0.3; 0.8; 70.0)
(0.3; 0.8; 80.0)
(0.3; 0.8; 90.0)
(0.3; 0.8; 100.0)
(0.3; 0.8; 110.0)
(0.3; 0.8; 120.0)
(0.3; 0.8; 130.0)
(0.3; 0.8; 150.0)
(0.3; 0.8; 160.0)
(0.3; 0.8; 170.0)
(0.3; 0.8; 180.0)
(0.3; 0.8; 190.0)
(0.3; 0.8; 200.0)
(0.3; 0.9; 10.0)
(0.3; 0.9; 20.0)
(0.3; 0.9; 30.0)
(0.3; 0.9; 50.0)
(0.3; 0.9; 60.0)
(0.3; 0.9; 70.0)
(0.3; 0.9; 80.0)
(0.3; 0.9; 90.0)
(0.3; 0.9; 100.0)
(0.3; 0.9; 120.0)
(0.3; 0.9; 130.0)
(0.3; 0.9; 140.0)
(0.3; 0.9; 150.0)
(0.3; 0.9; 160.0)
(0.3; 0.9; 170.0)
(0.3; 0.9; 180.0)
(0.3; 0.9; 190.0)
(0.3; 1.0; 10.0)
(0.3; 1.0; 30.0)
(0.3; 1.0; 40.0)
(0.3; 1.0; 50.0)
(0.3; 1.0; 60.0)
(0.3; 1.0; 70.0)
(0.3; 1.0; 80.0)
(0.3; 1.0; 90.0)
(0.3; 1.0; 110.0)
(0.3; 1.0; 130.0)
(0.3; 1.0; 140.0)
(0.3; 1.0; 160.0)
(0.3; 1.0; 190.0)
(0.3; 1.0; 200.0)
(0.4; 0.1; 30.0)
(0.4; 0.1; 40.0)
(0.4; 0.1; 50.0)
(0.4; 0.1; 60.0)
(0.4; 0.1; 70.0)
(0.4; 0.1; 80.0)
(0.4; 0.1; 90.0)
(0.4; 0.1; 110.0)
(0.4; 0.1; 120.0)
(0.4; 0.1; 130.0)
(0.4; 0.1; 160.0)
(0.4; 0.1; 170.0)
(0.4; 0.1; 180.0)
(0.4; 0.1; 200.0)
(0.4; 0.2; 20.0)
(0.4; 0.2; 70.0)
(0.4; 0.2; 80.0)
(0.4; 0.2; 90.0)
(0.4; 0.2; 100.0)
(0.4; 0.2; 110.0)
(0.4; 0.2; 120.0)
(0.4; 0.2; 130.0)
(0.4; 0.2; 140.0)
(0.4; 0.2; 150.0)
(0.4; 0.2; 160.0)
(0.4; 0.2; 170.0)
(0.4; 0.2; 180.0)
(0.4; 0.3; 10.0)
(0.4; 0.3; 20.0)
(0.4; 0.3; 50.0)
(0.4; 0.3; 80.0)
(0.4; 0.3; 90.0)
(0.4; 0.3; 100.0)
(0.4; 0.3; 110.0)
(0.4; 0.3; 120.0)
(0.4; 0.3; 130.0)
(0.4; 0.3; 150.0)
(0.4; 0.3; 170.0)
(0.4; 0.3; 180.0)
(0.4; 0.3; 200.0)
(0.4; 0.4; 10.0)
(0.4; 0.4; 20.0)
(0.4; 0.4; 40.0)
(0.4; 0.4; 50.0)
(0.4; 0.4; 60.0)
(0.4; 0.4; 100.0)
(0.4; 0.4; 140.0)
(0.4; 0.4; 150.0)
(0.4; 0.4; 160.0)
(0.4; 0.4; 170.0)
(0.4; 0.4; 190.0)
(0.4; 0.4; 200.0)
(0.4; 0.5; 20.0)
(0.4; 0.5; 30.0)
(0.4; 0.5; 40.0)
(0.4; 0.5; 50.0)
(0.4; 0.5; 60.0)
(0.4; 0.5; 90.0)
(0.4; 0.5; 100.0)
(0.4; 0.5; 120.0)
(0.4; 0.5; 130.0)
(0.4; 0.5; 140.0)
(0.4; 0.5; 160.0)
(0.4; 0.5; 170.0)
(0.4; 0.5; 180.0)
(0.4; 0.5; 190.0)
(0.4; 0.6; 10.0)
(0.4; 0.6; 20.0)
(0.4; 0.6; 30.0)
(0.4; 0.6; 40.0)
(0.4; 0.6; 60.0)
(0.4; 0.6; 70.0)
(0.4; 0.6; 90.0)
(0.4; 0.6; 110.0)
(0.4; 0.6; 150.0)
(0.4; 0.6; 160.0)
(0.4; 0.6; 170.0)
(0.4; 0.6; 180.0)
(0.4; 0.6; 190.0)
(0.4; 0.6; 200.0)
(0.4; 0.7; 30.0)
(0.4; 0.7; 50.0)
(0.4; 0.7; 60.0)
(0.4; 0.7; 80.0)
(0.4; 0.7; 90.0)
(0.4; 0.7; 100.0)
(0.4; 0.7; 110.0)
(0.4; 0.7; 120.0)
(0.4; 0.7; 140.0)
(0.4; 0.7; 160.0)
(0.4; 0.7; 170.0)
(0.4; 0.7; 180.0)
(0.4; 0.7; 190.0)
(0.4; 0.7; 200.0)
(0.4; 0.8; 10.0)
(0.4; 0.8; 20.0)
(0.4; 0.8; 30.0)
(0.4; 0.8; 40.0)
(0.4; 0.8; 50.0)
(0.4; 0.8; 60.0)
(0.4; 0.8; 70.0)
(0.4; 0.8; 90.0)
(0.4; 0.8; 100.0)
(0.4; 0.8; 120.0)
(0.4; 0.8; 130.0)
(0.4; 0.8; 140.0)
(0.4; 0.8; 150.0)
(0.4; 0.8; 160.0)
(0.4; 0.8; 170.0)
(0.4; 0.8; 180.0)
(0.4; 0.8; 200.0)
(0.4; 0.9; 10.0)
(0.4; 0.9; 40.0)
(0.4; 0.9; 50.0)
(0.4; 0.9; 80.0)
(0.4; 0.9; 100.0)
(0.4; 0.9; 110.0)
(0.4; 0.9; 120.0)
(0.4; 0.9; 140.0)
(0.4; 0.9; 160.0)
(0.4; 0.9; 170.0)
(0.4; 0.9; 190.0)
(0.4; 0.9; 200.0)
(0.4; 1.0; 10.0)
(0.4; 1.0; 50.0)
(0.4; 1.0; 60.0)
(0.4; 1.0; 70.0)
(0.4; 1.0; 100.0)
(0.4; 1.0; 110.0)
(0.4; 1.0; 140.0)
(0.4; 1.0; 170.0)
(0.4; 1.0; 190.0)
(0.4; 1.0; 200.0)
(0.5; 0.1; 30.0)
(0.5; 0.1; 90.0)
(0.5; 0.2; 30.0)
(0.5; 0.2; 40.0)
(0.5; 0.2; 70.0)
(0.5; 0.2; 160.0)
(0.5; 0.3; 40.0)
(0.5; 0.4; 140.0)
(0.5; 0.5; 40.0)
(0.5; 0.6; 60.0)
(0.5; 0.7; 90.0)
(0.5; 0.7; 100.0)
(0.5; 0.7; 110.0)
(0.5; 0.7; 150.0)
(0.5; 0.8; 70.0)
(0.5; 0.8; 80.0)
(0.5; 0.8; 90.0)
(0.5; 0.8; 170.0)
(0.5; 0.9; 90.0)
(0.5; 0.9; 190.0)
(0.5; 1.0; 120.0)
(0.5; 1.0; 150.0)

DATA 2
(0.0; 0.1; 10.0)
(0.0; 0.1; 20.0)
(0.0; 0.1; 30.0)
(0.0; 0.1; 40.0)
(0.0; 0.1; 50.0)
(0.0; 0.1; 60.0)
(0.0; 0.1; 70.0)
(0.0; 0.1; 80.0)
(0.0; 0.1; 90.0)
(0.0; 0.1; 100.0)
(0.0; 0.1; 110.0)
(0.0; 0.1; 120.0)
(0.0; 0.1; 130.0)
(0.0; 0.1; 140.0)
(0.0; 0.1; 150.0)
(0.0; 0.1; 160.0)
(0.0; 0.1; 170.0)
(0.0; 0.1; 180.0)
(0.0; 0.1; 190.0)
(0.0; 0.1; 200.0)
(0.0; 0.2; 10.0)
(0.0; 0.2; 20.0)
(0.0; 0.2; 30.0)
(0.0; 0.2; 40.0)
(0.0; 0.2; 50.0)
(0.0; 0.2; 60.0)
(0.0; 0.2; 70.0)
(0.0; 0.2; 80.0)
(0.0; 0.2; 90.0)
(0.0; 0.2; 100.0)
(0.0; 0.2; 110.0)
(0.0; 0.2; 120.0)
(0.0; 0.2; 130.0)
(0.0; 0.2; 140.0)
(0.0; 0.2; 150.0)
(0.0; 0.2; 160.0)
(0.0; 0.2; 170.0)
(0.0; 0.2; 180.0)
(0.0; 0.2; 190.0)
(0.0; 0.2; 200.0)
(0.0; 0.3; 10.0)
(0.0; 0.3; 20.0)
(0.0; 0.3; 30.0)
(0.0; 0.3; 40.0)
(0.0; 0.3; 50.0)
(0.0; 0.3; 60.0)
(0.0; 0.3; 70.0)
(0.0; 0.3; 80.0)
(0.0; 0.3; 90.0)
(0.0; 0.3; 100.0)
(0.0; 0.3; 110.0)
(0.0; 0.3; 120.0)
(0.0; 0.3; 130.0)
(0.0; 0.3; 140.0)
(0.0; 0.3; 150.0)
(0.0; 0.3; 160.0)
(0.0; 0.3; 170.0)
(0.0; 0.3; 180.0)
(0.0; 0.3; 190.0)
(0.0; 0.3; 200.0)
(0.0; 0.4; 10.0)
(0.0; 0.4; 20.0)
(0.0; 0.4; 30.0)
(0.0; 0.4; 40.0)
(0.0; 0.4; 50.0)
(0.0; 0.4; 60.0)
(0.0; 0.4; 70.0)
(0.0; 0.4; 80.0)
(0.0; 0.4; 90.0)
(0.0; 0.4; 100.0)
(0.0; 0.4; 110.0)
(0.0; 0.4; 120.0)
(0.0; 0.4; 130.0)
(0.0; 0.4; 140.0)
(0.0; 0.4; 150.0)
(0.0; 0.4; 160.0)
(0.0; 0.4; 170.0)
(0.0; 0.4; 180.0)
(0.0; 0.4; 190.0)
(0.0; 0.4; 200.0)
(0.0; 0.5; 10.0)
(0.0; 0.5; 20.0)
(0.0; 0.5; 30.0)
(0.0; 0.5; 40.0)
(0.0; 0.5; 50.0)
(0.0; 0.5; 60.0)
(0.0; 0.5; 70.0)
(0.0; 0.5; 80.0)
(0.0; 0.5; 90.0)
(0.0; 0.5; 100.0)
(0.0; 0.5; 110.0)
(0.0; 0.5; 120.0)
(0.0; 0.5; 130.0)
(0.0; 0.5; 140.0)
(0.0; 0.5; 150.0)
(0.0; 0.5; 160.0)
(0.0; 0.5; 170.0)
(0.0; 0.5; 180.0)
(0.0; 0.5; 190.0)
(0.0; 0.5; 200.0)
(0.0; 0.6; 10.0)
(0.0; 0.6; 20.0)
(0.0; 0.6; 30.0)
(0.0; 0.6; 40.0)
(0.0; 0.6; 50.0)
(0.0; 0.6; 60.0)
(0.0; 0.6; 70.0)
(0.0; 0.6; 80.0)
(0.0; 0.6; 90.0)
(0.0; 0.6; 100.0)
(0.0; 0.6; 110.0)
(0.0; 0.6; 120.0)
(0.0; 0.6; 130.0)
(0.0; 0.6; 140.0)
(0.0; 0.6; 150.0)
(0.0; 0.6; 160.0)
(0.0; 0.6; 170.0)
(0.0; 0.6; 180.0)
(0.0; 0.6; 190.0)
(0.0; 0.6; 200.0)
(0.0; 0.7; 10.0)
(0.0; 0.7; 20.0)
(0.0; 0.7; 30.0)
(0.0; 0.7; 40.0)
(0.0; 0.7; 50.0)
(0.0; 0.7; 60.0)
(0.0; 0.7; 70.0)
(0.0; 0.7; 80.0)
(0.0; 0.7; 90.0)
(0.0; 0.7; 100.0)
(0.0; 0.7; 110.0)
(0.0; 0.7; 120.0)
(0.0; 0.7; 130.0)
(0.0; 0.7; 140.0)
(0.0; 0.7; 150.0)
(0.0; 0.7; 160.0)
(0.0; 0.7; 170.0)
(0.0; 0.7; 180.0)
(0.0; 0.7; 190.0)
(0.0; 0.7; 200.0)
(0.0; 0.8; 10.0)
(0.0; 0.8; 20.0)
(0.0; 0.8; 30.0)
(0.0; 0.8; 40.0)
(0.0; 0.8; 50.0)
(0.0; 0.8; 60.0)
(0.0; 0.8; 70.0)
(0.0; 0.8; 80.0)
(0.0; 0.8; 90.0)
(0.0; 0.8; 100.0)
(0.0; 0.8; 110.0)
(0.0; 0.8; 120.0)
(0.0; 0.8; 130.0)
(0.0; 0.8; 140.0)
(0.0; 0.8; 150.0)
(0.0; 0.8; 160.0)
(0.0; 0.8; 170.0)
(0.0; 0.8; 180.0)
(0.0; 0.8; 190.0)
(0.0; 0.8; 200.0)
(0.0; 0.9; 10.0)
(0.0; 0.9; 20.0)
(0.0; 0.9; 30.0)
(0.0; 0.9; 40.0)
(0.0; 0.9; 50.0)
(0.0; 0.9; 60.0)
(0.0; 0.9; 70.0)
(0.0; 0.9; 80.0)
(0.0; 0.9; 90.0)
(0.0; 0.9; 100.0)
(0.0; 0.9; 110.0)
(0.0; 0.9; 120.0)
(0.0; 0.9; 130.0)
(0.0; 0.9; 140.0)
(0.0; 0.9; 150.0)
(0.0; 0.9; 160.0)
(0.0; 0.9; 170.0)
(0.0; 0.9; 180.0)
(0.0; 0.9; 190.0)
(0.0; 0.9; 200.0)
(0.0; 1.0; 10.0)
(0.0; 1.0; 20.0)
(0.0; 1.0; 30.0)
(0.0; 1.0; 40.0)
(0.0; 1.0; 50.0)
(0.0; 1.0; 60.0)
(0.0; 1.0; 70.0)
(0.0; 1.0; 80.0)
(0.0; 1.0; 90.0)
(0.0; 1.0; 100.0)
(0.0; 1.0; 110.0)
(0.0; 1.0; 120.0)
(0.0; 1.0; 130.0)
(0.0; 1.0; 140.0)
(0.0; 1.0; 150.0)
(0.0; 1.0; 160.0)
(0.0; 1.0; 170.0)
(0.0; 1.0; 180.0)
(0.0; 1.0; 190.0)
(0.0; 1.0; 200.0)
(0.1; 0.1; 10.0)
(0.1; 0.1; 20.0)
(0.1; 0.1; 30.0)
(0.1; 0.1; 40.0)
(0.1; 0.1; 50.0)
(0.1; 0.1; 60.0)
(0.1; 0.1; 70.0)
(0.1; 0.1; 80.0)
(0.1; 0.1; 90.0)
(0.1; 0.1; 100.0)
(0.1; 0.1; 110.0)
(0.1; 0.1; 120.0)
(0.1; 0.1; 130.0)
(0.1; 0.1; 140.0)
(0.1; 0.1; 150.0)
(0.1; 0.1; 160.0)
(0.1; 0.1; 170.0)
(0.1; 0.1; 180.0)
(0.1; 0.1; 190.0)
(0.1; 0.1; 200.0)
(0.1; 0.2; 10.0)
(0.1; 0.2; 20.0)
(0.1; 0.2; 30.0)
(0.1; 0.2; 40.0)
(0.1; 0.2; 50.0)
(0.1; 0.2; 60.0)
(0.1; 0.2; 70.0)
(0.1; 0.2; 80.0)
(0.1; 0.2; 90.0)
(0.1; 0.2; 100.0)
(0.1; 0.2; 110.0)
(0.1; 0.2; 120.0)
(0.1; 0.2; 130.0)
(0.1; 0.2; 140.0)
(0.1; 0.2; 150.0)
(0.1; 0.2; 160.0)
(0.1; 0.2; 170.0)
(0.1; 0.2; 180.0)
(0.1; 0.2; 190.0)
(0.1; 0.2; 200.0)
(0.1; 0.3; 10.0)
(0.1; 0.3; 20.0)
(0.1; 0.3; 30.0)
(0.1; 0.3; 40.0)
(0.1; 0.3; 50.0)
(0.1; 0.3; 60.0)
(0.1; 0.3; 70.0)
(0.1; 0.3; 80.0)
(0.1; 0.3; 90.0)
(0.1; 0.3; 100.0)
(0.1; 0.3; 110.0)
(0.1; 0.3; 120.0)
(0.1; 0.3; 130.0)
(0.1; 0.3; 140.0)
(0.1; 0.3; 150.0)
(0.1; 0.3; 160.0)
(0.1; 0.3; 170.0)
(0.1; 0.3; 180.0)
(0.1; 0.3; 190.0)
(0.1; 0.3; 200.0)
(0.1; 0.4; 10.0)
(0.1; 0.4; 20.0)
(0.1; 0.4; 30.0)
(0.1; 0.4; 40.0)
(0.1; 0.4; 50.0)
(0.1; 0.4; 60.0)
(0.1; 0.4; 70.0)
(0.1; 0.4; 80.0)
(0.1; 0.4; 90.0)
(0.1; 0.4; 100.0)
(0.1; 0.4; 110.0)
(0.1; 0.4; 120.0)
(0.1; 0.4; 130.0)
(0.1; 0.4; 140.0)
(0.1; 0.4; 150.0)
(0.1; 0.4; 160.0)
(0.1; 0.4; 170.0)
(0.1; 0.4; 180.0)
(0.1; 0.4; 190.0)
(0.1; 0.4; 200.0)
(0.1; 0.5; 10.0)
(0.1; 0.5; 20.0)
(0.1; 0.5; 30.0)
(0.1; 0.5; 40.0)
(0.1; 0.5; 50.0)
(0.1; 0.5; 60.0)
(0.1; 0.5; 70.0)
(0.1; 0.5; 80.0)
(0.1; 0.5; 90.0)
(0.1; 0.5; 100.0)
(0.1; 0.5; 110.0)
(0.1; 0.5; 120.0)
(0.1; 0.5; 130.0)
(0.1; 0.5; 140.0)
(0.1; 0.5; 150.0)
(0.1; 0.5; 160.0)
(0.1; 0.5; 170.0)
(0.1; 0.5; 180.0)
(0.1; 0.5; 190.0)
(0.1; 0.5; 200.0)
(0.1; 0.6; 10.0)
(0.1; 0.6; 20.0)
(0.1; 0.6; 30.0)
(0.1; 0.6; 40.0)
(0.1; 0.6; 50.0)
(0.1; 0.6; 60.0)
(0.1; 0.6; 70.0)
(0.1; 0.6; 80.0)
(0.1; 0.6; 90.0)
(0.1; 0.6; 100.0)
(0.1; 0.6; 110.0)
(0.1; 0.6; 120.0)
(0.1; 0.6; 130.0)
(0.1; 0.6; 140.0)
(0.1; 0.6; 150.0)
(0.1; 0.6; 160.0)
(0.1; 0.6; 170.0)
(0.1; 0.6; 180.0)
(0.1; 0.6; 190.0)
(0.1; 0.6; 200.0)
(0.1; 0.7; 10.0)
(0.1; 0.7; 20.0)
(0.1; 0.7; 30.0)
(0.1; 0.7; 40.0)
(0.1; 0.7; 50.0)
(0.1; 0.7; 60.0)
(0.1; 0.7; 70.0)
(0.1; 0.7; 80.0)
(0.1; 0.7; 90.0)
(0.1; 0.7; 100.0)
(0.1; 0.7; 110.0)
(0.1; 0.7; 120.0)
(0.1; 0.7; 130.0)
(0.1; 0.7; 140.0)
(0.1; 0.7; 150.0)
(0.1; 0.7; 160.0)
(0.1; 0.7; 170.0)
(0.1; 0.7; 180.0)
(0.1; 0.7; 190.0)
(0.1; 0.7; 200.0)
(0.1; 0.8; 10.0)
(0.1; 0.8; 20.0)
(0.1; 0.8; 30.0)
(0.1; 0.8; 40.0)
(0.1; 0.8; 50.0)
(0.1; 0.8; 60.0)
(0.1; 0.8; 70.0)
(0.1; 0.8; 80.0)
(0.1; 0.8; 90.0)
(0.1; 0.8; 100.0)
(0.1; 0.8; 110.0)
(0.1; 0.8; 120.0)
(0.1; 0.8; 130.0)
(0.1; 0.8; 140.0)
(0.1; 0.8; 150.0)
(0.1; 0.8; 160.0)
(0.1; 0.8; 170.0)
(0.1; 0.8; 180.0)
(0.1; 0.8; 190.0)
(0.1; 0.8; 200.0)
(0.1; 0.9; 10.0)
(0.1; 0.9; 20.0)
(0.1; 0.9; 30.0)
(0.1; 0.9; 40.0)
(0.1; 0.9; 50.0)
(0.1; 0.9; 60.0)
(0.1; 0.9; 70.0)
(0.1; 0.9; 80.0)
(0.1; 0.9; 90.0)
(0.1; 0.9; 100.0)
(0.1; 0.9; 110.0)
(0.1; 0.9; 120.0)
(0.1; 0.9; 130.0)
(0.1; 0.9; 140.0)
(0.1; 0.9; 150.0)
(0.1; 0.9; 160.0)
(0.1; 0.9; 170.0)
(0.1; 0.9; 180.0)
(0.1; 0.9; 190.0)
(0.1; 0.9; 200.0)
(0.1; 1.0; 10.0)
(0.1; 1.0; 20.0)
(0.1; 1.0; 30.0)
(0.1; 1.0; 40.0)
(0.1; 1.0; 50.0)
(0.1; 1.0; 60.0)
(0.1; 1.0; 70.0)
(0.1; 1.0; 80.0)
(0.1; 1.0; 90.0)
(0.1; 1.0; 100.0)
(0.1; 1.0; 110.0)
(0.1; 1.0; 120.0)
(0.1; 1.0; 130.0)
(0.1; 1.0; 140.0)
(0.1; 1.0; 150.0)
(0.1; 1.0; 160.0)
(0.1; 1.0; 170.0)
(0.1; 1.0; 180.0)
(0.1; 1.0; 190.0)
(0.1; 1.0; 200.0)
(0.2; 0.1; 10.0)
(0.2; 0.1; 20.0)
(0.2; 0.1; 30.0)
(0.2; 0.1; 40.0)
(0.2; 0.1; 50.0)
(0.2; 0.1; 60.0)
(0.2; 0.1; 70.0)
(0.2; 0.1; 80.0)
(0.2; 0.1; 90.0)
(0.2; 0.1; 100.0)
(0.2; 0.1; 110.0)
(0.2; 0.1; 120.0)
(0.2; 0.1; 130.0)
(0.2; 0.1; 140.0)
(0.2; 0.1; 150.0)
(0.2; 0.1; 160.0)
(0.2; 0.1; 170.0)
(0.2; 0.1; 180.0)
(0.2; 0.1; 190.0)
(0.2; 0.1; 200.0)
(0.2; 0.2; 10.0)
(0.2; 0.2; 20.0)
(0.2; 0.2; 30.0)
(0.2; 0.2; 40.0)
(0.2; 0.2; 50.0)
(0.2; 0.2; 60.0)
(0.2; 0.2; 70.0)
(0.2; 0.2; 80.0)
(0.2; 0.2; 90.0)
(0.2; 0.2; 100.0)
(0.2; 0.2; 110.0)
(0.2; 0.2; 120.0)
(0.2; 0.2; 130.0)
(0.2; 0.2; 140.0)
(0.2; 0.2; 150.0)
(0.2; 0.2; 160.0)
(0.2; 0.2; 170.0)
(0.2; 0.2; 180.0)
(0.2; 0.2; 190.0)
(0.2; 0.2; 200.0)
(0.2; 0.3; 10.0)
(0.2; 0.3; 20.0)
(0.2; 0.3; 30.0)
(0.2; 0.3; 40.0)
(0.2; 0.3; 50.0)
(0.2; 0.3; 60.0)
(0.2; 0.3; 70.0)
(0.2; 0.3; 80.0)
(0.2; 0.3; 90.0)
(0.2; 0.3; 100.0)
(0.2; 0.3; 110.0)
(0.2; 0.3; 120.0)
(0.2; 0.3; 130.0)
(0.2; 0.3; 140.0)
(0.2; 0.3; 150.0)
(0.2; 0.3; 160.0)
(0.2; 0.3; 170.0)
(0.2; 0.3; 180.0)
(0.2; 0.3; 190.0)
(0.2; 0.3; 200.0)
(0.2; 0.4; 10.0)
(0.2; 0.4; 20.0)
(0.2; 0.4; 30.0)
(0.2; 0.4; 40.0)
(0.2; 0.4; 50.0)
(0.2; 0.4; 60.0)
(0.2; 0.4; 70.0)
(0.2; 0.4; 80.0)
(0.2; 0.4; 90.0)
(0.2; 0.4; 100.0)
(0.2; 0.4; 110.0)
(0.2; 0.4; 120.0)
(0.2; 0.4; 130.0)
(0.2; 0.4; 140.0)
(0.2; 0.4; 150.0)
(0.2; 0.4; 160.0)
(0.2; 0.4; 170.0)
(0.2; 0.4; 180.0)
(0.2; 0.4; 190.0)
(0.2; 0.4; 200.0)
(0.2; 0.5; 10.0)
(0.2; 0.5; 20.0)
(0.2; 0.5; 30.0)
(0.2; 0.5; 40.0)
(0.2; 0.5; 50.0)
(0.2; 0.5; 60.0)
(0.2; 0.5; 70.0)
(0.2; 0.5; 80.0)
(0.2; 0.5; 90.0)
(0.2; 0.5; 100.0)
(0.2; 0.5; 110.0)
(0.2; 0.5; 120.0)
(0.2; 0.5; 130.0)
(0.2; 0.5; 140.0)
(0.2; 0.5; 150.0)
(0.2; 0.5; 160.0)
(0.2; 0.5; 170.0)
(0.2; 0.5; 180.0)
(0.2; 0.5; 190.0)
(0.2; 0.5; 200.0)
(0.2; 0.6; 10.0)
(0.2; 0.6; 20.0)
(0.2; 0.6; 30.0)
(0.2; 0.6; 40.0)
(0.2; 0.6; 50.0)
(0.2; 0.6; 60.0)
(0.2; 0.6; 70.0)
(0.2; 0.6; 80.0)
(0.2; 0.6; 90.0)
(0.2; 0.6; 100.0)
(0.2; 0.6; 110.0)
(0.2; 0.6; 120.0)
(0.2; 0.6; 130.0)
(0.2; 0.6; 140.0)
(0.2; 0.6; 150.0)
(0.2; 0.6; 160.0)
(0.2; 0.6; 170.0)
(0.2; 0.6; 180.0)
(0.2; 0.6; 190.0)
(0.2; 0.6; 200.0)
(0.2; 0.7; 10.0)
(0.2; 0.7; 20.0)
(0.2; 0.7; 30.0)
(0.2; 0.7; 40.0)
(0.2; 0.7; 50.0)
(0.2; 0.7; 60.0)
(0.2; 0.7; 70.0)
(0.2; 0.7; 80.0)
(0.2; 0.7; 90.0)
(0.2; 0.7; 100.0)
(0.2; 0.7; 110.0)
(0.2; 0.7; 120.0)
(0.2; 0.7; 130.0)
(0.2; 0.7; 140.0)
(0.2; 0.7; 150.0)
(0.2; 0.7; 160.0)
(0.2; 0.7; 170.0)
(0.2; 0.7; 180.0)
(0.2; 0.7; 190.0)
(0.2; 0.7; 200.0)
(0.2; 0.8; 10.0)
(0.2; 0.8; 20.0)
(0.2; 0.8; 30.0)
(0.2; 0.8; 40.0)
(0.2; 0.8; 50.0)
(0.2; 0.8; 60.0)
(0.2; 0.8; 70.0)
(0.2; 0.8; 80.0)
(0.2; 0.8; 90.0)
(0.2; 0.8; 100.0)
(0.2; 0.8; 110.0)
(0.2; 0.8; 120.0)
(0.2; 0.8; 130.0)
(0.2; 0.8; 140.0)
(0.2; 0.8; 150.0)
(0.2; 0.8; 160.0)
(0.2; 0.8; 170.0)
(0.2; 0.8; 180.0)
(0.2; 0.8; 190.0)
(0.2; 0.8; 200.0)
(0.2; 0.9; 10.0)
(0.2; 0.9; 20.0)
(0.2; 0.9; 30.0)
(0.2; 0.9; 40.0)
(0.2; 0.9; 50.0)
(0.2; 0.9; 60.0)
(0.2; 0.9; 70.0)
(0.2; 0.9; 80.0)
(0.2; 0.9; 90.0)
(0.2; 0.9; 100.0)
(0.2; 0.9; 110.0)
(0.2; 0.9; 120.0)
(0.2; 0.9; 130.0)
(0.2; 0.9; 140.0)
(0.2; 0.9; 150.0)
(0.2; 0.9; 160.0)
(0.2; 0.9; 170.0)
(0.2; 0.9; 180.0)
(0.2; 0.9; 190.0)
(0.2; 0.9; 200.0)
(0.2; 1.0; 10.0)
(0.2; 1.0; 20.0)
(0.2; 1.0; 30.0)
(0.2; 1.0; 40.0)
(0.2; 1.0; 50.0)
(0.2; 1.0; 60.0)
(0.2; 1.0; 70.0)
(0.2; 1.0; 80.0)
(0.2; 1.0; 90.0)
(0.2; 1.0; 100.0)
(0.2; 1.0; 110.0)
(0.2; 1.0; 120.0)
(0.2; 1.0; 130.0)
(0.2; 1.0; 140.0)
(0.2; 1.0; 150.0)
(0.2; 1.0; 160.0)
(0.2; 1.0; 170.0)
(0.2; 1.0; 180.0)
(0.2; 1.0; 190.0)
(0.2; 1.0; 200.0)
(0.3; 0.1; 10.0)
(0.3; 0.1; 20.0)
(0.3; 0.1; 30.0)
(0.3; 0.1; 40.0)
(0.3; 0.1; 50.0)
(0.3; 0.1; 60.0)
(0.3; 0.1; 70.0)
(0.3; 0.1; 80.0)
(0.3; 0.1; 90.0)
(0.3; 0.1; 100.0)
(0.3; 0.1; 110.0)
(0.3; 0.1; 120.0)
(0.3; 0.1; 130.0)
(0.3; 0.1; 140.0)
(0.3; 0.1; 150.0)
(0.3; 0.1; 160.0)
(0.3; 0.1; 170.0)
(0.3; 0.1; 180.0)
(0.3; 0.1; 190.0)
(0.3; 0.1; 200.0)
(0.3; 0.2; 10.0)
(0.3; 0.2; 20.0)
(0.3; 0.2; 30.0)
(0.3; 0.2; 40.0)
(0.3; 0.2; 50.0)
(0.3; 0.2; 60.0)
(0.3; 0.2; 80.0)
(0.3; 0.2; 90.0)
(0.3; 0.2; 100.0)
(0.3; 0.2; 110.0)
(0.3; 0.2; 120.0)
(0.3; 0.2; 130.0)
(0.3; 0.2; 140.0)
(0.3; 0.2; 150.0)
(0.3; 0.2; 160.0)
(0.3; 0.2; 170.0)
(0.3; 0.2; 180.0)
(0.3; 0.2; 190.0)
(0.3; 0.2; 200.0)
(0.3; 0.3; 10.0)
(0.3; 0.3; 20.0)
(0.3; 0.3; 30.0)
(0.3; 0.3; 40.0)
(0.3; 0.3; 50.0)
(0.3; 0.3; 60.0)
(0.3; 0.3; 70.0)
(0.3; 0.3; 80.0)
(0.3; 0.3; 90.0)
(0.3; 0.3; 100.0)
(0.3; 0.3; 110.0)
(0.3; 0.3; 120.0)
(0.3; 0.3; 130.0)
(0.3; 0.3; 140.0)
(0.3; 0.3; 150.0)
(0.3; 0.3; 160.0)
(0.3; 0.3; 170.0)
(0.3; 0.3; 180.0)
(0.3; 0.3; 190.0)
(0.3; 0.3; 200.0)
(0.3; 0.4; 10.0)
(0.3; 0.4; 20.0)
(0.3; 0.4; 30.0)
(0.3; 0.4; 40.0)
(0.3; 0.4; 50.0)
(0.3; 0.4; 60.0)
(0.3; 0.4; 70.0)
(0.3; 0.4; 80.0)
(0.3; 0.4; 90.0)
(0.3; 0.4; 100.0)
(0.3; 0.4; 110.0)
(0.3; 0.4; 120.0)
(0.3; 0.4; 130.0)
(0.3; 0.4; 140.0)
(0.3; 0.4; 150.0)
(0.3; 0.4; 160.0)
(0.3; 0.4; 170.0)
(0.3; 0.4; 180.0)
(0.3; 0.4; 190.0)
(0.3; 0.4; 200.0)
(0.3; 0.5; 10.0)
(0.3; 0.5; 20.0)
(0.3; 0.5; 30.0)
(0.3; 0.5; 40.0)
(0.3; 0.5; 50.0)
(0.3; 0.5; 60.0)
(0.3; 0.5; 70.0)
(0.3; 0.5; 80.0)
(0.3; 0.5; 90.0)
(0.3; 0.5; 100.0)
(0.3; 0.5; 110.0)
(0.3; 0.5; 120.0)
(0.3; 0.5; 130.0)
(0.3; 0.5; 140.0)
(0.3; 0.5; 150.0)
(0.3; 0.5; 160.0)
(0.3; 0.5; 170.0)
(0.3; 0.5; 180.0)
(0.3; 0.5; 190.0)
(0.3; 0.5; 200.0)
(0.3; 0.6; 10.0)
(0.3; 0.6; 20.0)
(0.3; 0.6; 30.0)
(0.3; 0.6; 40.0)
(0.3; 0.6; 50.0)
(0.3; 0.6; 60.0)
(0.3; 0.6; 70.0)
(0.3; 0.6; 80.0)
(0.3; 0.6; 90.0)
(0.3; 0.6; 100.0)
(0.3; 0.6; 110.0)
(0.3; 0.6; 120.0)
(0.3; 0.6; 130.0)
(0.3; 0.6; 140.0)
(0.3; 0.6; 150.0)
(0.3; 0.6; 160.0)
(0.3; 0.6; 170.0)
(0.3; 0.6; 180.0)
(0.3; 0.6; 190.0)
(0.3; 0.6; 200.0)
(0.3; 0.7; 10.0)
(0.3; 0.7; 20.0)
(0.3; 0.7; 30.0)
(0.3; 0.7; 40.0)
(0.3; 0.7; 50.0)
(0.3; 0.7; 60.0)
(0.3; 0.7; 70.0)
(0.3; 0.7; 80.0)
(0.3; 0.7; 90.0)
(0.3; 0.7; 100.0)
(0.3; 0.7; 110.0)
(0.3; 0.7; 120.0)
(0.3; 0.7; 130.0)
(0.3; 0.7; 140.0)
(0.3; 0.7; 150.0)
(0.3; 0.7; 160.0)
(0.3; 0.7; 170.0)
(0.3; 0.7; 180.0)
(0.3; 0.7; 190.0)
(0.3; 0.7; 200.0)
(0.3; 0.8; 10.0)
(0.3; 0.8; 20.0)
(0.3; 0.8; 30.0)
(0.3; 0.8; 40.0)
(0.3; 0.8; 50.0)
(0.3; 0.8; 60.0)
(0.3; 0.8; 70.0)
(0.3; 0.8; 80.0)
(0.3; 0.8; 90.0)
(0.3; 0.8; 100.0)
(0.3; 0.8; 110.0)
(0.3; 0.8; 120.0)
(0.3; 0.8; 130.0)
(0.3; 0.8; 140.0)
(0.3; 0.8; 150.0)
(0.3; 0.8; 160.0)
(0.3; 0.8; 170.0)
(0.3; 0.8; 180.0)
(0.3; 0.8; 190.0)
(0.3; 0.8; 200.0)
(0.3; 0.9; 10.0)
(0.3; 0.9; 20.0)
(0.3; 0.9; 30.0)
(0.3; 0.9; 40.0)
(0.3; 0.9; 50.0)
(0.3; 0.9; 60.0)
(0.3; 0.9; 70.0)
(0.3; 0.9; 80.0)
(0.3; 0.9; 90.0)
(0.3; 0.9; 100.0)
(0.3; 0.9; 110.0)
(0.3; 0.9; 120.0)
(0.3; 0.9; 130.0)
(0.3; 0.9; 140.0)
(0.3; 0.9; 150.0)
(0.3; 0.9; 160.0)
(0.3; 0.9; 170.0)
(0.3; 0.9; 180.0)
(0.3; 0.9; 190.0)
(0.3; 0.9; 200.0)
(0.3; 1.0; 10.0)
(0.3; 1.0; 20.0)
(0.3; 1.0; 30.0)
(0.3; 1.0; 40.0)
(0.3; 1.0; 50.0)
(0.3; 1.0; 60.0)
(0.3; 1.0; 70.0)
(0.3; 1.0; 80.0)
(0.3; 1.0; 90.0)
(0.3; 1.0; 100.0)
(0.3; 1.0; 110.0)
(0.3; 1.0; 120.0)
(0.3; 1.0; 130.0)
(0.3; 1.0; 140.0)
(0.3; 1.0; 150.0)
(0.3; 1.0; 160.0)
(0.3; 1.0; 170.0)
(0.3; 1.0; 180.0)
(0.3; 1.0; 190.0)
(0.3; 1.0; 200.0)
(0.4; 0.1; 10.0)
(0.4; 0.1; 20.0)
(0.4; 0.1; 30.0)
(0.4; 0.1; 40.0)
(0.4; 0.1; 50.0)
(0.4; 0.1; 60.0)
(0.4; 0.1; 70.0)
(0.4; 0.1; 80.0)
(0.4; 0.1; 90.0)
(0.4; 0.1; 100.0)
(0.4; 0.1; 110.0)
(0.4; 0.1; 120.0)
(0.4; 0.1; 130.0)
(0.4; 0.1; 140.0)
(0.4; 0.1; 150.0)
(0.4; 0.1; 160.0)
(0.4; 0.1; 170.0)
(0.4; 0.1; 180.0)
(0.4; 0.1; 190.0)
(0.4; 0.1; 200.0)
(0.4; 0.2; 10.0)
(0.4; 0.2; 20.0)
(0.4; 0.2; 30.0)
(0.4; 0.2; 40.0)
(0.4; 0.2; 50.0)
(0.4; 0.2; 60.0)
(0.4; 0.2; 70.0)
(0.4; 0.2; 80.0)
(0.4; 0.2; 90.0)
(0.4; 0.2; 100.0)
(0.4; 0.2; 110.0)
(0.4; 0.2; 120.0)
(0.4; 0.2; 130.0)
(0.4; 0.2; 140.0)
(0.4; 0.2; 150.0)
(0.4; 0.2; 160.0)
(0.4; 0.2; 170.0)
(0.4; 0.2; 180.0)
(0.4; 0.2; 190.0)
(0.4; 0.2; 200.0)
(0.4; 0.3; 10.0)
(0.4; 0.3; 20.0)
(0.4; 0.3; 30.0)
(0.4; 0.3; 40.0)
(0.4; 0.3; 50.0)
(0.4; 0.3; 60.0)
(0.4; 0.3; 70.0)
(0.4; 0.3; 80.0)
(0.4; 0.3; 90.0)
(0.4; 0.3; 100.0)
(0.4; 0.3; 110.0)
(0.4; 0.3; 120.0)
(0.4; 0.3; 130.0)
(0.4; 0.3; 140.0)
(0.4; 0.3; 150.0)
(0.4; 0.3; 160.0)
(0.4; 0.3; 170.0)
(0.4; 0.3; 180.0)
(0.4; 0.3; 190.0)
(0.4; 0.3; 200.0)
(0.4; 0.4; 10.0)
(0.4; 0.4; 20.0)
(0.4; 0.4; 30.0)
(0.4; 0.4; 40.0)
(0.4; 0.4; 50.0)
(0.4; 0.4; 60.0)
(0.4; 0.4; 70.0)
(0.4; 0.4; 80.0)
(0.4; 0.4; 90.0)
(0.4; 0.4; 100.0)
(0.4; 0.4; 110.0)
(0.4; 0.4; 120.0)
(0.4; 0.4; 130.0)
(0.4; 0.4; 140.0)
(0.4; 0.4; 150.0)
(0.4; 0.4; 160.0)
(0.4; 0.4; 170.0)
(0.4; 0.4; 180.0)
(0.4; 0.4; 190.0)
(0.4; 0.4; 200.0)
(0.4; 0.5; 10.0)
(0.4; 0.5; 20.0)
(0.4; 0.5; 30.0)
(0.4; 0.5; 40.0)
(0.4; 0.5; 50.0)
(0.4; 0.5; 60.0)
(0.4; 0.5; 70.0)
(0.4; 0.5; 80.0)
(0.4; 0.5; 90.0)
(0.4; 0.5; 100.0)
(0.4; 0.5; 110.0)
(0.4; 0.5; 120.0)
(0.4; 0.5; 130.0)
(0.4; 0.5; 140.0)
(0.4; 0.5; 150.0)
(0.4; 0.5; 160.0)
(0.4; 0.5; 170.0)
(0.4; 0.5; 180.0)
(0.4; 0.5; 190.0)
(0.4; 0.5; 200.0)
(0.4; 0.6; 10.0)
(0.4; 0.6; 20.0)
(0.4; 0.6; 30.0)
(0.4; 0.6; 40.0)
(0.4; 0.6; 50.0)
(0.4; 0.6; 60.0)
(0.4; 0.6; 70.0)
(0.4; 0.6; 80.0)
(0.4; 0.6; 90.0)
(0.4; 0.6; 100.0)
(0.4; 0.6; 110.0)
(0.4; 0.6; 120.0)
(0.4; 0.6; 130.0)
(0.4; 0.6; 140.0)
(0.4; 0.6; 160.0)
(0.4; 0.6; 170.0)
(0.4; 0.6; 180.0)
(0.4; 0.6; 190.0)
(0.4; 0.6; 200.0)
(0.4; 0.7; 10.0)
(0.4; 0.7; 20.0)
(0.4; 0.7; 30.0)
(0.4; 0.7; 40.0)
(0.4; 0.7; 50.0)
(0.4; 0.7; 60.0)
(0.4; 0.7; 70.0)
(0.4; 0.7; 80.0)
(0.4; 0.7; 90.0)
(0.4; 0.7; 100.0)
(0.4; 0.7; 110.0)
(0.4; 0.7; 120.0)
(0.4; 0.7; 130.0)
(0.4; 0.7; 140.0)
(0.4; 0.7; 150.0)
(0.4; 0.7; 160.0)
(0.4; 0.7; 170.0)
(0.4; 0.7; 180.0)
(0.4; 0.7; 190.0)
(0.4; 0.7; 200.0)
(0.4; 0.8; 20.0)
(0.4; 0.8; 30.0)
(0.4; 0.8; 40.0)
(0.4; 0.8; 50.0)
(0.4; 0.8; 60.0)
(0.4; 0.8; 70.0)
(0.4; 0.8; 80.0)
(0.4; 0.8; 90.0)
(0.4; 0.8; 100.0)
(0.4; 0.8; 110.0)
(0.4; 0.8; 120.0)
(0.4; 0.8; 130.0)
(0.4; 0.8; 140.0)
(0.4; 0.8; 150.0)
(0.4; 0.8; 170.0)
(0.4; 0.8; 180.0)
(0.4; 0.8; 190.0)
(0.4; 0.8; 200.0)
(0.4; 0.9; 10.0)
(0.4; 0.9; 20.0)
(0.4; 0.9; 30.0)
(0.4; 0.9; 40.0)
(0.4; 0.9; 50.0)
(0.4; 0.9; 60.0)
(0.4; 0.9; 70.0)
(0.4; 0.9; 80.0)
(0.4; 0.9; 90.0)
(0.4; 0.9; 100.0)
(0.4; 0.9; 110.0)
(0.4; 0.9; 120.0)
(0.4; 0.9; 130.0)
(0.4; 0.9; 140.0)
(0.4; 0.9; 150.0)
(0.4; 0.9; 160.0)
(0.4; 0.9; 170.0)
(0.4; 0.9; 180.0)
(0.4; 0.9; 190.0)
(0.4; 0.9; 200.0)
(0.4; 1.0; 10.0)
(0.4; 1.0; 20.0)
(0.4; 1.0; 30.0)
(0.4; 1.0; 40.0)
(0.4; 1.0; 50.0)
(0.4; 1.0; 60.0)
(0.4; 1.0; 70.0)
(0.4; 1.0; 80.0)
(0.4; 1.0; 90.0)
(0.4; 1.0; 100.0)
(0.4; 1.0; 110.0)
(0.4; 1.0; 120.0)
(0.4; 1.0; 130.0)
(0.4; 1.0; 140.0)
(0.4; 1.0; 150.0)
(0.4; 1.0; 160.0)
(0.4; 1.0; 170.0)
(0.4; 1.0; 180.0)
(0.4; 1.0; 190.0)
(0.4; 1.0; 200.0)
(0.5; 0.1; 10.0)
(0.5; 0.1; 20.0)
(0.5; 0.1; 40.0)
(0.5; 0.1; 50.0)
(0.5; 0.1; 60.0)
(0.5; 0.1; 70.0)
(0.5; 0.1; 90.0)
(0.5; 0.1; 100.0)
(0.5; 0.1; 110.0)
(0.5; 0.1; 120.0)
(0.5; 0.1; 130.0)
(0.5; 0.1; 140.0)
(0.5; 0.1; 150.0)
(0.5; 0.1; 160.0)
(0.5; 0.1; 170.0)
(0.5; 0.1; 180.0)
(0.5; 0.1; 190.0)
(0.5; 0.1; 200.0)
(0.5; 0.2; 20.0)
(0.5; 0.2; 30.0)
(0.5; 0.2; 40.0)
(0.5; 0.2; 50.0)
(0.5; 0.2; 60.0)
(0.5; 0.2; 70.0)
(0.5; 0.2; 80.0)
(0.5; 0.2; 90.0)
(0.5; 0.2; 100.0)
(0.5; 0.2; 110.0)
(0.5; 0.2; 120.0)
(0.5; 0.2; 130.0)
(0.5; 0.2; 140.0)
(0.5; 0.2; 160.0)
(0.5; 0.2; 170.0)
(0.5; 0.2; 180.0)
(0.5; 0.2; 190.0)
(0.5; 0.2; 200.0)
(0.5; 0.3; 10.0)
(0.5; 0.3; 20.0)
(0.5; 0.3; 30.0)
(0.5; 0.3; 40.0)
(0.5; 0.3; 50.0)
(0.5; 0.3; 60.0)
(0.5; 0.3; 80.0)
(0.5; 0.3; 90.0)
(0.5; 0.3; 100.0)
(0.5; 0.3; 120.0)
(0.5; 0.3; 130.0)
(0.5; 0.3; 150.0)
(0.5; 0.3; 160.0)
(0.5; 0.3; 170.0)
(0.5; 0.3; 180.0)
(0.5; 0.3; 190.0)
(0.5; 0.3; 200.0)
(0.5; 0.4; 10.0)
(0.5; 0.4; 20.0)
(0.5; 0.4; 30.0)
(0.5; 0.4; 40.0)
(0.5; 0.4; 50.0)
(0.5; 0.4; 60.0)
(0.5; 0.4; 70.0)
(0.5; 0.4; 80.0)
(0.5; 0.4; 90.0)
(0.5; 0.4; 110.0)
(0.5; 0.4; 120.0)
(0.5; 0.4; 130.0)
(0.5; 0.4; 140.0)
(0.5; 0.4; 150.0)
(0.5; 0.4; 160.0)
(0.5; 0.4; 170.0)
(0.5; 0.4; 190.0)
(0.5; 0.4; 200.0)
(0.5; 0.5; 10.0)
(0.5; 0.5; 20.0)
(0.5; 0.5; 30.0)
(0.5; 0.5; 40.0)
(0.5; 0.5; 60.0)
(0.5; 0.5; 70.0)
(0.5; 0.5; 80.0)
(0.5; 0.5; 90.0)
(0.5; 0.5; 140.0)
(0.5; 0.5; 150.0)
(0.5; 0.5; 160.0)
(0.5; 0.5; 170.0)
(0.5; 0.5; 180.0)
(0.5; 0.5; 190.0)
(0.5; 0.5; 200.0)
(0.5; 0.6; 10.0)
(0.5; 0.6; 20.0)
(0.5; 0.6; 30.0)
(0.5; 0.6; 40.0)
(0.5; 0.6; 50.0)
(0.5; 0.6; 60.0)
(0.5; 0.6; 80.0)
(0.5; 0.6; 90.0)
(0.5; 0.6; 100.0)
(0.5; 0.6; 110.0)
(0.5; 0.6; 130.0)
(0.5; 0.6; 150.0)
(0.5; 0.6; 170.0)
(0.5; 0.6; 180.0)
(0.5; 0.6; 190.0)
(0.5; 0.6; 200.0)
(0.5; 0.7; 10.0)
(0.5; 0.7; 20.0)
(0.5; 0.7; 30.0)
(0.5; 0.7; 50.0)
(0.5; 0.7; 60.0)
(0.5; 0.7; 70.0)
(0.5; 0.7; 90.0)
(0.5; 0.7; 100.0)
(0.5; 0.7; 110.0)
(0.5; 0.7; 120.0)
(0.5; 0.7; 130.0)
(0.5; 0.7; 150.0)
(0.5; 0.7; 160.0)
(0.5; 0.7; 170.0)
(0.5; 0.7; 180.0)
(0.5; 0.7; 200.0)
(0.5; 0.8; 10.0)
(0.5; 0.8; 20.0)
(0.5; 0.8; 30.0)
(0.5; 0.8; 40.0)
(0.5; 0.8; 60.0)
(0.5; 0.8; 70.0)
(0.5; 0.8; 80.0)
(0.5; 0.8; 90.0)
(0.5; 0.8; 100.0)
(0.5; 0.8; 110.0)
(0.5; 0.8; 120.0)
(0.5; 0.8; 130.0)
(0.5; 0.8; 140.0)
(0.5; 0.8; 150.0)
(0.5; 0.8; 160.0)
(0.5; 0.8; 170.0)
(0.5; 0.8; 200.0)
(0.5; 0.9; 10.0)
(0.5; 0.9; 20.0)
(0.5; 0.9; 30.0)
(0.5; 0.9; 40.0)
(0.5; 0.9; 50.0)
(0.5; 0.9; 60.0)
(0.5; 0.9; 70.0)
(0.5; 0.9; 80.0)
(0.5; 0.9; 90.0)
(0.5; 0.9; 100.0)
(0.5; 0.9; 110.0)
(0.5; 0.9; 120.0)
(0.5; 0.9; 130.0)
(0.5; 0.9; 140.0)
(0.5; 0.9; 150.0)
(0.5; 0.9; 160.0)
(0.5; 0.9; 170.0)
(0.5; 0.9; 180.0)
(0.5; 0.9; 190.0)
(0.5; 0.9; 200.0)
(0.5; 1.0; 10.0)
(0.5; 1.0; 20.0)
(0.5; 1.0; 30.0)
(0.5; 1.0; 40.0)
(0.5; 1.0; 50.0)
(0.5; 1.0; 70.0)
(0.5; 1.0; 80.0)
(0.5; 1.0; 100.0)
(0.5; 1.0; 110.0)
(0.5; 1.0; 120.0)
(0.5; 1.0; 130.0)
(0.5; 1.0; 140.0)
(0.5; 1.0; 160.0)
(0.5; 1.0; 170.0)
(0.5; 1.0; 180.0)
(0.6; 0.1; 10.0)
(0.6; 0.1; 20.0)
(0.6; 0.1; 40.0)
(0.6; 0.1; 50.0)
(0.6; 0.1; 60.0)
(0.6; 0.1; 70.0)
(0.6; 0.1; 80.0)
(0.6; 0.1; 90.0)
(0.6; 0.1; 100.0)
(0.6; 0.1; 110.0)
(0.6; 0.1; 120.0)
(0.6; 0.1; 140.0)
(0.6; 0.1; 150.0)
(0.6; 0.1; 160.0)
(0.6; 0.1; 170.0)
(0.6; 0.1; 180.0)
(0.6; 0.1; 190.0)
(0.6; 0.2; 20.0)
(0.6; 0.2; 40.0)
(0.6; 0.2; 60.0)
(0.6; 0.2; 70.0)
(0.6; 0.2; 100.0)
(0.6; 0.2; 110.0)
(0.6; 0.2; 120.0)
(0.6; 0.2; 130.0)
(0.6; 0.2; 140.0)
(0.6; 0.2; 150.0)
(0.6; 0.2; 160.0)
(0.6; 0.2; 170.0)
(0.6; 0.2; 180.0)
(0.6; 0.2; 190.0)
(0.6; 0.2; 200.0)
(0.6; 0.3; 10.0)
(0.6; 0.3; 20.0)
(0.6; 0.3; 30.0)
(0.6; 0.3; 40.0)
(0.6; 0.3; 50.0)
(0.6; 0.3; 60.0)
(0.6; 0.3; 70.0)
(0.6; 0.3; 90.0)
(0.6; 0.3; 100.0)
(0.6; 0.3; 110.0)
(0.6; 0.3; 120.0)
(0.6; 0.3; 130.0)
(0.6; 0.3; 140.0)
(0.6; 0.3; 150.0)
(0.6; 0.3; 160.0)
(0.6; 0.3; 180.0)
(0.6; 0.3; 190.0)
(0.6; 0.3; 200.0)
(0.6; 0.4; 20.0)
(0.6; 0.4; 30.0)
(0.6; 0.4; 70.0)
(0.6; 0.4; 80.0)
(0.6; 0.4; 90.0)
(0.6; 0.4; 100.0)
(0.6; 0.4; 110.0)
(0.6; 0.4; 120.0)
(0.6; 0.4; 140.0)
(0.6; 0.4; 150.0)
(0.6; 0.4; 180.0)
(0.6; 0.4; 190.0)
(0.6; 0.4; 200.0)
(0.6; 0.5; 10.0)
(0.6; 0.5; 30.0)
(0.6; 0.5; 40.0)
(0.6; 0.5; 50.0)
(0.6; 0.5; 60.0)
(0.6; 0.5; 80.0)
(0.6; 0.5; 90.0)
(0.6; 0.5; 110.0)
(0.6; 0.5; 120.0)
(0.6; 0.5; 130.0)
(0.6; 0.5; 140.0)
(0.6; 0.5; 150.0)
(0.6; 0.5; 160.0)
(0.6; 0.5; 170.0)
(0.6; 0.5; 180.0)
(0.6; 0.5; 190.0)
(0.6; 0.5; 200.0)
(0.6; 0.6; 10.0)
(0.6; 0.6; 20.0)
(0.6; 0.6; 30.0)
(0.6; 0.6; 40.0)
(0.6; 0.6; 50.0)
(0.6; 0.6; 60.0)
(0.6; 0.6; 70.0)
(0.6; 0.6; 80.0)
(0.6; 0.6; 90.0)
(0.6; 0.6; 100.0)
(0.6; 0.6; 110.0)
(0.6; 0.6; 120.0)
(0.6; 0.6; 130.0)
(0.6; 0.6; 140.0)
(0.6; 0.6; 150.0)
(0.6; 0.6; 160.0)
(0.6; 0.6; 170.0)
(0.6; 0.6; 180.0)
(0.6; 0.6; 190.0)
(0.6; 0.6; 200.0)
(0.6; 0.7; 20.0)
(0.6; 0.7; 30.0)
(0.6; 0.7; 50.0)
(0.6; 0.7; 70.0)
(0.6; 0.7; 80.0)
(0.6; 0.7; 90.0)
(0.6; 0.7; 100.0)
(0.6; 0.7; 110.0)
(0.6; 0.7; 120.0)
(0.6; 0.7; 130.0)
(0.6; 0.7; 140.0)
(0.6; 0.7; 150.0)
(0.6; 0.7; 160.0)
(0.6; 0.7; 170.0)
(0.6; 0.7; 180.0)
(0.6; 0.7; 190.0)
(0.6; 0.7; 200.0)
(0.6; 0.8; 10.0)
(0.6; 0.8; 20.0)
(0.6; 0.8; 30.0)
(0.6; 0.8; 40.0)
(0.6; 0.8; 50.0)
(0.6; 0.8; 60.0)
(0.6; 0.8; 80.0)
(0.6; 0.8; 90.0)
(0.6; 0.8; 100.0)
(0.6; 0.8; 110.0)
(0.6; 0.8; 120.0)
(0.6; 0.8; 130.0)
(0.6; 0.8; 140.0)
(0.6; 0.8; 160.0)
(0.6; 0.8; 180.0)
(0.6; 0.8; 190.0)
(0.6; 0.8; 200.0)
(0.6; 0.9; 10.0)
(0.6; 0.9; 20.0)
(0.6; 0.9; 40.0)
(0.6; 0.9; 50.0)
(0.6; 0.9; 60.0)
(0.6; 0.9; 70.0)
(0.6; 0.9; 80.0)
(0.6; 0.9; 90.0)
(0.6; 0.9; 110.0)
(0.6; 0.9; 120.0)
(0.6; 0.9; 130.0)
(0.6; 0.9; 140.0)
(0.6; 0.9; 170.0)
(0.6; 0.9; 180.0)
(0.6; 0.9; 190.0)
(0.6; 0.9; 200.0)
(0.6; 1.0; 10.0)
(0.6; 1.0; 40.0)
(0.6; 1.0; 50.0)
(0.6; 1.0; 60.0)
(0.6; 1.0; 80.0)
(0.6; 1.0; 90.0)
(0.6; 1.0; 100.0)
(0.6; 1.0; 110.0)
(0.6; 1.0; 120.0)
(0.6; 1.0; 130.0)
(0.6; 1.0; 140.0)
(0.6; 1.0; 150.0)
(0.6; 1.0; 170.0)
(0.6; 1.0; 180.0)
(0.6; 1.0; 190.0)
(0.6; 1.0; 200.0)
(0.7; 0.1; 40.0)
(0.7; 0.1; 50.0)
(0.7; 0.1; 60.0)
(0.7; 0.1; 70.0)
(0.7; 0.1; 80.0)
(0.7; 0.1; 100.0)
(0.7; 0.1; 110.0)
(0.7; 0.1; 130.0)
(0.7; 0.1; 150.0)
(0.7; 0.1; 170.0)
(0.7; 0.1; 180.0)
(0.7; 0.1; 200.0)
(0.7; 0.2; 10.0)
(0.7; 0.2; 30.0)
(0.7; 0.2; 40.0)
(0.7; 0.2; 50.0)
(0.7; 0.2; 60.0)
(0.7; 0.2; 80.0)
(0.7; 0.2; 90.0)
(0.7; 0.2; 100.0)
(0.7; 0.2; 110.0)
(0.7; 0.2; 120.0)
(0.7; 0.2; 130.0)
(0.7; 0.2; 140.0)
(0.7; 0.2; 150.0)
(0.7; 0.2; 160.0)
(0.7; 0.2; 170.0)
(0.7; 0.2; 180.0)
(0.7; 0.2; 190.0)
(0.7; 0.3; 10.0)
(0.7; 0.3; 20.0)
(0.7; 0.3; 30.0)
(0.7; 0.3; 40.0)
(0.7; 0.3; 50.0)
(0.7; 0.3; 60.0)
(0.7; 0.3; 70.0)
(0.7; 0.3; 80.0)
(0.7; 0.3; 90.0)
(0.7; 0.3; 100.0)
(0.7; 0.3; 110.0)
(0.7; 0.3; 120.0)
(0.7; 0.3; 130.0)
(0.7; 0.3; 170.0)
(0.7; 0.3; 180.0)
(0.7; 0.3; 200.0)
(0.7; 0.4; 10.0)
(0.7; 0.4; 30.0)
(0.7; 0.4; 40.0)
(0.7; 0.4; 50.0)
(0.7; 0.4; 70.0)
(0.7; 0.4; 80.0)
(0.7; 0.4; 90.0)
(0.7; 0.4; 100.0)
(0.7; 0.4; 110.0)
(0.7; 0.4; 120.0)
(0.7; 0.4; 130.0)
(0.7; 0.4; 140.0)
(0.7; 0.4; 160.0)
(0.7; 0.4; 170.0)
(0.7; 0.4; 200.0)
(0.7; 0.5; 10.0)
(0.7; 0.5; 20.0)
(0.7; 0.5; 40.0)
(0.7; 0.5; 60.0)
(0.7; 0.5; 70.0)
(0.7; 0.5; 80.0)
(0.7; 0.5; 90.0)
(0.7; 0.5; 100.0)
(0.7; 0.5; 110.0)
(0.7; 0.5; 120.0)
(0.7; 0.5; 130.0)
(0.7; 0.5; 140.0)
(0.7; 0.5; 150.0)
(0.7; 0.5; 160.0)
(0.7; 0.5; 170.0)
(0.7; 0.5; 180.0)
(0.7; 0.5; 190.0)
(0.7; 0.5; 200.0)
(0.7; 0.6; 10.0)
(0.7; 0.6; 30.0)
(0.7; 0.6; 40.0)
(0.7; 0.6; 50.0)
(0.7; 0.6; 60.0)
(0.7; 0.6; 70.0)
(0.7; 0.6; 80.0)
(0.7; 0.6; 90.0)
(0.7; 0.6; 100.0)
(0.7; 0.6; 110.0)
(0.7; 0.6; 120.0)
(0.7; 0.6; 130.0)
(0.7; 0.6; 140.0)
(0.7; 0.6; 150.0)
(0.7; 0.6; 160.0)
(0.7; 0.6; 180.0)
(0.7; 0.6; 190.0)
(0.7; 0.6; 200.0)
(0.7; 0.7; 10.0)
(0.7; 0.7; 20.0)
(0.7; 0.7; 40.0)
(0.7; 0.7; 60.0)
(0.7; 0.7; 70.0)
(0.7; 0.7; 80.0)
(0.7; 0.7; 90.0)
(0.7; 0.7; 100.0)
(0.7; 0.7; 110.0)
(0.7; 0.7; 120.0)
(0.7; 0.7; 130.0)
(0.7; 0.7; 140.0)
(0.7; 0.7; 150.0)
(0.7; 0.7; 160.0)
(0.7; 0.7; 170.0)
(0.7; 0.7; 180.0)
(0.7; 0.7; 190.0)
(0.7; 0.7; 200.0)
(0.7; 0.8; 10.0)
(0.7; 0.8; 20.0)
(0.7; 0.8; 30.0)
(0.7; 0.8; 40.0)
(0.7; 0.8; 50.0)
(0.7; 0.8; 60.0)
(0.7; 0.8; 70.0)
(0.7; 0.8; 80.0)
(0.7; 0.8; 90.0)
(0.7; 0.8; 100.0)
(0.7; 0.8; 110.0)
(0.7; 0.8; 120.0)
(0.7; 0.8; 130.0)
(0.7; 0.8; 140.0)
(0.7; 0.8; 150.0)
(0.7; 0.8; 160.0)
(0.7; 0.8; 170.0)
(0.7; 0.8; 180.0)
(0.7; 0.8; 190.0)
(0.7; 0.8; 200.0)
(0.7; 0.9; 40.0)
(0.7; 0.9; 50.0)
(0.7; 0.9; 60.0)
(0.7; 0.9; 70.0)
(0.7; 0.9; 80.0)
(0.7; 0.9; 90.0)
(0.7; 0.9; 110.0)
(0.7; 0.9; 120.0)
(0.7; 0.9; 130.0)
(0.7; 0.9; 140.0)
(0.7; 0.9; 160.0)
(0.7; 0.9; 170.0)
(0.7; 0.9; 190.0)
(0.7; 0.9; 200.0)
(0.7; 1.0; 10.0)
(0.7; 1.0; 20.0)
(0.7; 1.0; 30.0)
(0.7; 1.0; 40.0)
(0.7; 1.0; 50.0)
(0.7; 1.0; 60.0)
(0.7; 1.0; 70.0)
(0.7; 1.0; 80.0)
(0.7; 1.0; 90.0)
(0.7; 1.0; 100.0)
(0.7; 1.0; 110.0)
(0.7; 1.0; 120.0)
(0.7; 1.0; 130.0)
(0.7; 1.0; 140.0)
(0.7; 1.0; 150.0)
(0.7; 1.0; 160.0)
(0.7; 1.0; 170.0)
(0.8; 0.1; 10.0)
(0.8; 0.1; 20.0)
(0.8; 0.1; 40.0)
(0.8; 0.1; 50.0)
(0.8; 0.1; 60.0)
(0.8; 0.1; 70.0)
(0.8; 0.1; 80.0)
(0.8; 0.1; 90.0)
(0.8; 0.1; 110.0)
(0.8; 0.1; 120.0)
(0.8; 0.1; 130.0)
(0.8; 0.1; 140.0)
(0.8; 0.1; 150.0)
(0.8; 0.1; 160.0)
(0.8; 0.1; 170.0)
(0.8; 0.1; 190.0)
(0.8; 0.2; 10.0)
(0.8; 0.2; 20.0)
(0.8; 0.2; 30.0)
(0.8; 0.2; 40.0)
(0.8; 0.2; 50.0)
(0.8; 0.2; 60.0)
(0.8; 0.2; 70.0)
(0.8; 0.2; 80.0)
(0.8; 0.2; 90.0)
(0.8; 0.2; 100.0)
(0.8; 0.2; 110.0)
(0.8; 0.2; 120.0)
(0.8; 0.2; 130.0)
(0.8; 0.2; 140.0)
(0.8; 0.2; 150.0)
(0.8; 0.2; 160.0)
(0.8; 0.2; 170.0)
(0.8; 0.2; 190.0)
(0.8; 0.2; 200.0)
(0.8; 0.3; 10.0)
(0.8; 0.3; 20.0)
(0.8; 0.3; 30.0)
(0.8; 0.3; 40.0)
(0.8; 0.3; 50.0)
(0.8; 0.3; 60.0)
(0.8; 0.3; 80.0)
(0.8; 0.3; 90.0)
(0.8; 0.3; 100.0)
(0.8; 0.3; 110.0)
(0.8; 0.3; 120.0)
(0.8; 0.3; 130.0)
(0.8; 0.3; 140.0)
(0.8; 0.3; 150.0)
(0.8; 0.3; 160.0)
(0.8; 0.3; 180.0)
(0.8; 0.3; 190.0)
(0.8; 0.3; 200.0)
(0.8; 0.4; 10.0)
(0.8; 0.4; 20.0)
(0.8; 0.4; 30.0)
(0.8; 0.4; 40.0)
(0.8; 0.4; 50.0)
(0.8; 0.4; 60.0)
(0.8; 0.4; 70.0)
(0.8; 0.4; 80.0)
(0.8; 0.4; 100.0)
(0.8; 0.4; 120.0)
(0.8; 0.4; 150.0)
(0.8; 0.4; 160.0)
(0.8; 0.4; 180.0)
(0.8; 0.4; 190.0)
(0.8; 0.4; 200.0)
(0.8; 0.5; 10.0)
(0.8; 0.5; 20.0)
(0.8; 0.5; 30.0)
(0.8; 0.5; 50.0)
(0.8; 0.5; 60.0)
(0.8; 0.5; 70.0)
(0.8; 0.5; 80.0)
(0.8; 0.5; 100.0)
(0.8; 0.5; 120.0)
(0.8; 0.5; 140.0)
(0.8; 0.5; 150.0)
(0.8; 0.5; 170.0)
(0.8; 0.5; 190.0)
(0.8; 0.5; 200.0)
(0.8; 0.6; 20.0)
(0.8; 0.6; 30.0)
(0.8; 0.6; 40.0)
(0.8; 0.6; 50.0)
(0.8; 0.6; 60.0)
(0.8; 0.6; 70.0)
(0.8; 0.6; 80.0)
(0.8; 0.6; 90.0)
(0.8; 0.6; 110.0)
(0.8; 0.6; 120.0)
(0.8; 0.6; 130.0)
(0.8; 0.6; 140.0)
(0.8; 0.6; 150.0)
(0.8; 0.6; 160.0)
(0.8; 0.6; 170.0)
(0.8; 0.6; 180.0)
(0.8; 0.6; 190.0)
(0.8; 0.6; 200.0)
(0.8; 0.7; 10.0)
(0.8; 0.7; 20.0)
(0.8; 0.7; 30.0)
(0.8; 0.7; 40.0)
(0.8; 0.7; 50.0)
(0.8; 0.7; 60.0)
(0.8; 0.7; 80.0)
(0.8; 0.7; 100.0)
(0.8; 0.7; 120.0)
(0.8; 0.7; 150.0)
(0.8; 0.7; 160.0)
(0.8; 0.7; 180.0)
(0.8; 0.7; 200.0)
(0.8; 0.8; 10.0)
(0.8; 0.8; 20.0)
(0.8; 0.8; 40.0)
(0.8; 0.8; 60.0)
(0.8; 0.8; 70.0)
(0.8; 0.8; 80.0)
(0.8; 0.8; 90.0)
(0.8; 0.8; 110.0)
(0.8; 0.8; 120.0)
(0.8; 0.8; 140.0)
(0.8; 0.8; 150.0)
(0.8; 0.8; 170.0)
(0.8; 0.8; 180.0)
(0.8; 0.8; 190.0)
(0.8; 0.8; 200.0)
(0.8; 0.9; 10.0)
(0.8; 0.9; 20.0)
(0.8; 0.9; 40.0)
(0.8; 0.9; 50.0)
(0.8; 0.9; 60.0)
(0.8; 0.9; 70.0)
(0.8; 0.9; 90.0)
(0.8; 0.9; 100.0)
(0.8; 0.9; 120.0)
(0.8; 0.9; 140.0)
(0.8; 0.9; 150.0)
(0.8; 0.9; 160.0)
(0.8; 0.9; 170.0)
(0.8; 0.9; 180.0)
(0.8; 0.9; 190.0)
(0.8; 0.9; 200.0)
(0.8; 1.0; 10.0)
(0.8; 1.0; 20.0)
(0.8; 1.0; 30.0)
(0.8; 1.0; 40.0)
(0.8; 1.0; 50.0)
(0.8; 1.0; 60.0)
(0.8; 1.0; 90.0)
(0.8; 1.0; 100.0)
(0.8; 1.0; 110.0)
(0.8; 1.0; 120.0)
(0.8; 1.0; 130.0)
(0.8; 1.0; 140.0)
(0.8; 1.0; 160.0)
(0.8; 1.0; 170.0)
(0.8; 1.0; 180.0)
(0.8; 1.0; 190.0)
(0.8; 1.0; 200.0)
(0.9; 0.1; 10.0)
(0.9; 0.1; 20.0)
(0.9; 0.1; 30.0)
(0.9; 0.1; 40.0)
(0.9; 0.1; 60.0)
(0.9; 0.1; 70.0)
(0.9; 0.1; 80.0)
(0.9; 0.1; 90.0)
(0.9; 0.1; 100.0)
(0.9; 0.1; 110.0)
(0.9; 0.1; 120.0)
(0.9; 0.1; 130.0)
(0.9; 0.1; 140.0)
(0.9; 0.1; 150.0)
(0.9; 0.1; 160.0)
(0.9; 0.1; 170.0)
(0.9; 0.1; 180.0)
(0.9; 0.1; 190.0)
(0.9; 0.2; 10.0)
(0.9; 0.2; 20.0)
(0.9; 0.2; 30.0)
(0.9; 0.2; 50.0)
(0.9; 0.2; 70.0)
(0.9; 0.2; 80.0)
(0.9; 0.2; 90.0)
(0.9; 0.2; 100.0)
(0.9; 0.2; 130.0)
(0.9; 0.2; 140.0)
(0.9; 0.2; 160.0)
(0.9; 0.2; 170.0)
(0.9; 0.2; 200.0)
(0.9; 0.3; 20.0)
(0.9; 0.3; 30.0)
(0.9; 0.3; 40.0)
(0.9; 0.3; 50.0)
(0.9; 0.3; 60.0)
(0.9; 0.3; 70.0)
(0.9; 0.3; 80.0)
(0.9; 0.3; 90.0)
(0.9; 0.3; 100.0)
(0.9; 0.3; 110.0)
(0.9; 0.3; 120.0)
(0.9; 0.3; 130.0)
(0.9; 0.3; 140.0)
(0.9; 0.3; 150.0)
(0.9; 0.3; 160.0)
(0.9; 0.3; 170.0)
(0.9; 0.3; 180.0)
(0.9; 0.3; 190.0)
(0.9; 0.3; 200.0)
(0.9; 0.4; 20.0)
(0.9; 0.4; 30.0)
(0.9; 0.4; 40.0)
(0.9; 0.4; 50.0)
(0.9; 0.4; 80.0)
(0.9; 0.4; 90.0)
(0.9; 0.4; 100.0)
(0.9; 0.4; 110.0)
(0.9; 0.4; 140.0)
(0.9; 0.4; 150.0)
(0.9; 0.4; 170.0)
(0.9; 0.4; 180.0)
(0.9; 0.4; 190.0)
(0.9; 0.4; 200.0)
(0.9; 0.5; 10.0)
(0.9; 0.5; 20.0)
(0.9; 0.5; 40.0)
(0.9; 0.5; 60.0)
(0.9; 0.5; 70.0)
(0.9; 0.5; 80.0)
(0.9; 0.5; 110.0)
(0.9; 0.5; 130.0)
(0.9; 0.5; 140.0)
(0.9; 0.5; 150.0)
(0.9; 0.5; 160.0)
(0.9; 0.5; 170.0)
(0.9; 0.5; 180.0)
(0.9; 0.5; 190.0)
(0.9; 0.5; 200.0)
(0.9; 0.6; 10.0)
(0.9; 0.6; 20.0)
(0.9; 0.6; 30.0)
(0.9; 0.6; 40.0)
(0.9; 0.6; 50.0)
(0.9; 0.6; 70.0)
(0.9; 0.6; 80.0)
(0.9; 0.6; 90.0)
(0.9; 0.6; 110.0)
(0.9; 0.6; 120.0)
(0.9; 0.6; 130.0)
(0.9; 0.6; 140.0)
(0.9; 0.6; 150.0)
(0.9; 0.6; 160.0)
(0.9; 0.6; 170.0)
(0.9; 0.6; 180.0)
(0.9; 0.6; 200.0)
(0.9; 0.7; 10.0)
(0.9; 0.7; 20.0)
(0.9; 0.7; 50.0)
(0.9; 0.7; 60.0)
(0.9; 0.7; 70.0)
(0.9; 0.7; 80.0)
(0.9; 0.7; 100.0)
(0.9; 0.7; 110.0)
(0.9; 0.7; 120.0)
(0.9; 0.7; 130.0)
(0.9; 0.7; 140.0)
(0.9; 0.7; 150.0)
(0.9; 0.7; 160.0)
(0.9; 0.7; 180.0)
(0.9; 0.7; 190.0)
(0.9; 0.7; 200.0)
(0.9; 0.8; 10.0)
(0.9; 0.8; 20.0)
(0.9; 0.8; 30.0)
(0.9; 0.8; 40.0)
(0.9; 0.8; 50.0)
(0.9; 0.8; 70.0)
(0.9; 0.8; 80.0)
(0.9; 0.8; 90.0)
(0.9; 0.8; 100.0)
(0.9; 0.8; 120.0)
(0.9; 0.8; 130.0)
(0.9; 0.8; 150.0)
(0.9; 0.8; 160.0)
(0.9; 0.8; 170.0)
(0.9; 0.8; 180.0)
(0.9; 0.8; 190.0)
(0.9; 0.8; 200.0)
(0.9; 0.9; 10.0)
(0.9; 0.9; 30.0)
(0.9; 0.9; 40.0)
(0.9; 0.9; 50.0)
(0.9; 0.9; 60.0)
(0.9; 0.9; 70.0)
(0.9; 0.9; 80.0)
(0.9; 0.9; 90.0)
(0.9; 0.9; 100.0)
(0.9; 0.9; 110.0)
(0.9; 0.9; 130.0)
(0.9; 0.9; 140.0)
(0.9; 0.9; 150.0)
(0.9; 0.9; 160.0)
(0.9; 0.9; 170.0)
(0.9; 0.9; 180.0)
(0.9; 0.9; 190.0)
(0.9; 0.9; 200.0)
(0.9; 1.0; 10.0)
(0.9; 1.0; 20.0)
(0.9; 1.0; 30.0)
(0.9; 1.0; 40.0)
(0.9; 1.0; 50.0)
(0.9; 1.0; 70.0)
(0.9; 1.0; 90.0)
(0.9; 1.0; 110.0)
(0.9; 1.0; 120.0)
(0.9; 1.0; 130.0)
(0.9; 1.0; 140.0)
(0.9; 1.0; 150.0)
(0.9; 1.0; 160.0)
(0.9; 1.0; 170.0)
(0.9; 1.0; 190.0)

DATA 3
(0.1; 0.1; 30.0)
(0.1; 0.1; 50.0)
(0.1; 0.1; 60.0)
(0.1; 0.1; 80.0)
(0.1; 0.1; 90.0)
(0.1; 0.1; 130.0)
(0.1; 0.1; 140.0)
(0.1; 0.1; 180.0)
(0.1; 0.1; 200.0)
(0.1; 0.2; 50.0)
(0.1; 0.2; 60.0)
(0.1; 0.2; 90.0)
(0.1; 0.2; 130.0)
(0.1; 0.2; 140.0)
(0.1; 0.2; 170.0)
(0.1; 0.2; 180.0)
(0.1; 0.2; 200.0)
(0.1; 0.3; 10.0)
(0.1; 0.3; 70.0)
(0.1; 0.3; 80.0)
(0.1; 0.3; 100.0)
(0.1; 0.3; 110.0)
(0.1; 0.3; 120.0)
(0.1; 0.3; 140.0)
(0.1; 0.3; 170.0)
(0.1; 0.4; 10.0)
(0.1; 0.4; 20.0)
(0.1; 0.4; 60.0)
(0.1; 0.4; 100.0)
(0.1; 0.4; 180.0)
(0.1; 0.4; 190.0)
(0.1; 0.4; 200.0)
(0.1; 0.5; 10.0)
(0.1; 0.5; 100.0)
(0.1; 0.5; 110.0)
(0.1; 0.5; 120.0)
(0.1; 0.5; 130.0)
(0.1; 0.5; 180.0)
(0.1; 0.6; 30.0)
(0.1; 0.6; 50.0)
(0.1; 0.6; 80.0)
(0.1; 0.6; 150.0)
(0.1; 0.6; 160.0)
(0.1; 0.7; 10.0)
(0.1; 0.7; 30.0)
(0.1; 0.7; 40.0)
(0.1; 0.7; 110.0)
(0.1; 0.7; 140.0)
(0.1; 0.7; 170.0)
(0.1; 0.7; 180.0)
(0.1; 0.8; 20.0)
(0.1; 0.8; 60.0)
(0.1; 0.8; 70.0)
(0.1; 0.8; 120.0)
(0.1; 0.8; 130.0)
(0.1; 0.8; 160.0)
(0.1; 0.8; 200.0)
(0.1; 0.9; 20.0)
(0.1; 0.9; 40.0)
(0.1; 0.9; 50.0)
(0.1; 0.9; 90.0)
(0.1; 0.9; 100.0)
(0.1; 0.9; 110.0)
(0.1; 0.9; 150.0)
(0.1; 0.9; 160.0)
(0.1; 0.9; 170.0)
(0.1; 0.9; 190.0)
(0.1; 0.9; 200.0)
(0.1; 1.0; 20.0)
(0.1; 1.0; 40.0)
(0.1; 1.0; 50.0)
(0.1; 1.0; 190.0)
(0.2; 0.1; 20.0)
(0.2; 0.1; 40.0)
(0.2; 0.1; 50.0)
(0.2; 0.1; 60.0)
(0.2; 0.1; 90.0)
(0.2; 0.1; 100.0)
(0.2; 0.1; 160.0)
(0.2; 0.1; 170.0)
(0.2; 0.2; 30.0)
(0.2; 0.2; 80.0)
(0.2; 0.2; 100.0)
(0.2; 0.2; 120.0)
(0.2; 0.2; 130.0)
(0.2; 0.2; 150.0)
(0.2; 0.2; 170.0)
(0.2; 0.2; 180.0)
(0.2; 0.2; 190.0)
(0.2; 0.2; 200.0)
(0.2; 0.3; 10.0)
(0.2; 0.3; 60.0)
(0.2; 0.3; 120.0)
(0.2; 0.3; 130.0)
(0.2; 0.3; 140.0)
(0.2; 0.3; 160.0)
(0.2; 0.3; 200.0)
(0.2; 0.4; 30.0)
(0.2; 0.4; 50.0)
(0.2; 0.4; 70.0)
(0.2; 0.4; 170.0)
(0.2; 0.4; 190.0)
(0.2; 0.5; 20.0)
(0.2; 0.5; 90.0)
(0.2; 0.5; 100.0)
(0.2; 0.5; 110.0)
(0.2; 0.5; 150.0)
(0.2; 0.5; 190.0)
(0.2; 0.6; 20.0)
(0.2; 0.6; 90.0)
(0.2; 0.6; 140.0)
(0.2; 0.6; 150.0)
(0.2; 0.6; 200.0)
(0.2; 0.7; 10.0)
(0.2; 0.7; 80.0)
(0.2; 0.7; 90.0)
(0.2; 0.7; 190.0)
(0.2; 0.7; 200.0)
(0.2; 0.8; 30.0)
(0.2; 0.8; 60.0)
(0.2; 0.8; 70.0)
(0.2; 0.8; 90.0)
(0.2; 0.8; 110.0)
(0.2; 0.8; 120.0)
(0.2; 0.8; 150.0)
(0.2; 0.8; 170.0)
(0.2; 0.8; 180.0)
(0.2; 0.8; 200.0)
(0.2; 0.9; 10.0)
(0.2; 0.9; 20.0)
(0.2; 0.9; 30.0)
(0.2; 0.9; 40.0)
(0.2; 0.9; 50.0)
(0.2; 0.9; 70.0)
(0.2; 0.9; 120.0)
(0.2; 0.9; 130.0)
(0.2; 0.9; 140.0)
(0.2; 0.9; 160.0)
(0.2; 0.9; 190.0)
(0.2; 0.9; 200.0)
(0.2; 1.0; 10.0)
(0.2; 1.0; 50.0)
(0.2; 1.0; 140.0)
(0.2; 1.0; 190.0)
(0.3; 0.1; 90.0)
(0.3; 0.1; 110.0)
(0.3; 0.1; 140.0)
(0.3; 0.1; 200.0)
(0.3; 0.2; 30.0)
(0.3; 0.2; 40.0)
(0.3; 0.2; 50.0)
(0.3; 0.2; 110.0)
(0.3; 0.2; 160.0)
(0.3; 0.2; 180.0)
(0.3; 0.3; 10.0)
(0.3; 0.3; 30.0)
(0.3; 0.3; 70.0)
(0.3; 0.3; 90.0)
(0.3; 0.3; 110.0)
(0.3; 0.3; 130.0)
(0.3; 0.3; 140.0)
(0.3; 0.3; 150.0)
(0.3; 0.3; 180.0)
(0.3; 0.3; 200.0)
(0.3; 0.4; 10.0)
(0.3; 0.4; 20.0)
(0.3; 0.4; 90.0)
(0.3; 0.4; 100.0)
(0.3; 0.4; 110.0)
(0.3; 0.4; 140.0)
(0.3; 0.4; 170.0)
(0.3; 0.4; 190.0)
(0.3; 0.5; 20.0)
(0.3; 0.5; 70.0)
(0.3; 0.5; 90.0)
(0.3; 0.5; 110.0)
(0.3; 0.5; 120.0)
(0.3; 0.5; 130.0)
(0.3; 0.5; 150.0)
(0.3; 0.5; 160.0)
(0.3; 0.5; 170.0)
(0.3; 0.6; 20.0)
(0.3; 0.6; 30.0)
(0.3; 0.6; 40.0)
(0.3; 0.6; 50.0)
(0.3; 0.6; 60.0)
(0.3; 0.6; 80.0)
(0.3; 0.6; 90.0)
(0.3; 0.6; 110.0)
(0.3; 0.6; 130.0)
(0.3; 0.6; 140.0)
(0.3; 0.6; 160.0)
(0.3; 0.6; 180.0)
(0.3; 0.6; 190.0)
(0.3; 0.6; 200.0)
(0.3; 0.7; 60.0)
(0.3; 0.7; 70.0)
(0.3; 0.7; 110.0)
(0.3; 0.7; 120.0)
(0.3; 0.7; 140.0)
(0.3; 0.7; 180.0)
(0.3; 0.7; 190.0)
(0.3; 0.8; 40.0)
(0.3; 0.8; 50.0)
(0.3; 0.8; 60.0)
(0.3; 0.8; 70.0)
(0.3; 0.8; 80.0)
(0.3; 0.8; 90.0)
(0.3; 0.8; 120.0)
(0.3; 0.8; 160.0)
(0.3; 0.8; 170.0)
(0.3; 0.8; 180.0)
(0.3; 0.9; 10.0)
(0.3; 0.9; 30.0)
(0.3; 0.9; 40.0)
(0.3; 0.9; 60.0)
(0.3; 0.9; 90.0)
(0.3; 0.9; 110.0)
(0.3; 0.9; 120.0)
(0.3; 0.9; 130.0)
(0.3; 0.9; 140.0)
(0.3; 0.9; 160.0)
(0.3; 0.9; 170.0)
(0.3; 0.9; 180.0)
(0.3; 1.0; 20.0)
(0.3; 1.0; 30.0)
(0.3; 1.0; 40.0)
(0.3; 1.0; 50.0)
(0.3; 1.0; 60.0)
(0.3; 1.0; 100.0)
(0.3; 1.0; 110.0)
(0.3; 1.0; 160.0)
(0.3; 1.0; 200.0)
(0.4; 0.1; 10.0)
(0.4; 0.1; 50.0)
(0.4; 0.1; 60.0)
(0.4; 0.1; 80.0)
(0.4; 0.1; 160.0)
(0.4; 0.1; 180.0)
(0.4; 0.2; 110.0)
(0.4; 0.2; 140.0)
(0.4; 0.3; 40.0)
(0.4; 0.3; 110.0)
(0.4; 0.3; 120.0)
(0.4; 0.3; 160.0)
(0.4; 0.3; 170.0)
(0.4; 0.3; 180.0)
(0.4; 0.3; 200.0)
(0.4; 0.4; 60.0)
(0.4; 0.4; 90.0)
(0.4; 0.4; 130.0)
(0.4; 0.5; 30.0)
(0.4; 0.5; 40.0)
(0.4; 0.5; 50.0)
(0.4; 0.5; 90.0)
(0.4; 0.5; 140.0)
(0.4; 0.5; 150.0)
(0.4; 0.5; 170.0)
(0.4; 0.6; 10.0)
(0.4; 0.6; 30.0)
(0.4; 0.6; 70.0)
(0.4; 0.6; 100.0)
(0.4; 0.6; 160.0)
(0.4; 0.7; 10.0)
(0.4; 0.7; 40.0)
(0.4; 0.8; 10.0)
(0.4; 0.8; 60.0)
(0.4; 0.8; 160.0)
(0.4; 0.9; 10.0)
(0.4; 0.9; 30.0)
(0.4; 0.9; 40.0)
(0.4; 0.9; 50.0)
(0.4; 0.9; 60.0)
(0.4; 0.9; 130.0)
(0.4; 0.9; 150.0)
(0.4; 0.9; 170.0)
(0.4; 0.9; 180.0)
(0.4; 1.0; 20.0)
(0.4; 1.0; 30.0)
(0.4; 1.0; 40.0)
(0.4; 1.0; 70.0)
(0.4; 1.0; 110.0)
(0.4; 1.0; 150.0)
(0.4; 1.0; 160.0)
(0.4; 1.0; 190.0)
(0.5; 0.1; 40.0)
(0.5; 0.1; 70.0)
(0.5; 0.1; 80.0)
(0.5; 0.1; 90.0)
(0.5; 0.1; 110.0)
(0.5; 0.2; 60.0)
(0.5; 0.3; 180.0)
(0.5; 0.7; 90.0)
(0.5; 0.7; 170.0)
(0.5; 0.8; 40.0)
(0.5; 0.8; 140.0)

DATA 4
(0.1; 0.1; 10.0)
(0.1; 0.1; 20.0)
(0.1; 0.1; 30.0)
(0.1; 0.1; 40.0)
(0.1; 0.1; 50.0)
(0.1; 0.1; 60.0)
(0.1; 0.1; 70.0)
(0.1; 0.1; 80.0)
(0.1; 0.1; 90.0)
(0.1; 0.1; 100.0)
(0.1; 0.1; 110.0)
(0.1; 0.1; 120.0)
(0.1; 0.1; 130.0)
(0.1; 0.1; 140.0)
(0.1; 0.1; 150.0)
(0.1; 0.1; 160.0)
(0.1; 0.1; 170.0)
(0.1; 0.1; 180.0)
(0.1; 0.1; 190.0)
(0.1; 0.1; 200.0)
(0.1; 0.2; 10.0)
(0.1; 0.2; 20.0)
(0.1; 0.2; 30.0)
(0.1; 0.2; 40.0)
(0.1; 0.2; 50.0)
(0.1; 0.2; 60.0)
(0.1; 0.2; 70.0)
(0.1; 0.2; 80.0)
(0.1; 0.2; 90.0)
(0.1; 0.2; 100.0)
(0.1; 0.2; 110.0)
(0.1; 0.2; 120.0)
(0.1; 0.2; 130.0)
(0.1; 0.2; 140.0)
(0.1; 0.2; 150.0)
(0.1; 0.2; 160.0)
(0.1; 0.2; 170.0)
(0.1; 0.2; 180.0)
(0.1; 0.2; 190.0)
(0.1; 0.2; 200.0)
(0.1; 0.3; 10.0)
(0.1; 0.3; 20.0)
(0.1; 0.3; 30.0)
(0.1; 0.3; 40.0)
(0.1; 0.3; 50.0)
(0.1; 0.3; 60.0)
(0.1; 0.3; 70.0)
(0.1; 0.3; 80.0)
(0.1; 0.3; 90.0)
(0.1; 0.3; 100.0)
(0.1; 0.3; 120.0)
(0.1; 0.3; 130.0)
(0.1; 0.3; 150.0)
(0.1; 0.3; 160.0)
(0.1; 0.3; 170.0)
(0.1; 0.3; 180.0)
(0.1; 0.3; 190.0)
(0.1; 0.3; 200.0)
(0.1; 0.4; 10.0)
(0.1; 0.4; 20.0)
(0.1; 0.4; 30.0)
(0.1; 0.4; 40.0)
(0.1; 0.4; 50.0)
(0.1; 0.4; 60.0)
(0.1; 0.4; 70.0)
(0.1; 0.4; 80.0)
(0.1; 0.4; 90.0)
(0.1; 0.4; 100.0)
(0.1; 0.4; 110.0)
(0.1; 0.4; 120.0)
(0.1; 0.4; 130.0)
(0.1; 0.4; 140.0)
(0.1; 0.4; 150.0)
(0.1; 0.4; 160.0)
(0.1; 0.4; 170.0)
(0.1; 0.4; 180.0)
(0.1; 0.4; 190.0)
(0.1; 0.4; 200.0)
(0.1; 0.5; 10.0)
(0.1; 0.5; 20.0)
(0.1; 0.5; 30.0)
(0.1; 0.5; 40.0)
(0.1; 0.5; 50.0)
(0.1; 0.5; 60.0)
(0.1; 0.5; 70.0)
(0.1; 0.5; 80.0)
(0.1; 0.5; 90.0)
(0.1; 0.5; 100.0)
(0.1; 0.5; 120.0)
(0.1; 0.5; 130.0)
(0.1; 0.5; 140.0)
(0.1; 0.5; 150.0)
(0.1; 0.5; 160.0)
(0.1; 0.5; 170.0)
(0.1; 0.5; 180.0)
(0.1; 0.5; 190.0)
(0.1; 0.5; 200.0)
(0.1; 0.6; 10.0)
(0.1; 0.6; 20.0)
(0.1; 0.6; 30.0)
(0.1; 0.6; 40.0)
(0.1; 0.6; 50.0)
(0.1; 0.6; 60.0)
(0.1; 0.6; 70.0)
(0.1; 0.6; 80.0)
(0.1; 0.6; 90.0)
(0.1; 0.6; 100.0)
(0.1; 0.6; 110.0)
(0.1; 0.6; 120.0)
(0.1; 0.6; 130.0)
(0.1; 0.6; 140.0)
(0.1; 0.6; 150.0)
(0.1; 0.6; 160.0)
(0.1; 0.6; 170.0)
(0.1; 0.6; 180.0)
(0.1; 0.6; 200.0)
(0.1; 0.7; 10.0)
(0.1; 0.7; 20.0)
(0.1; 0.7; 30.0)
(0.1; 0.7; 40.0)
(0.1; 0.7; 50.0)
(0.1; 0.7; 60.0)
(0.1; 0.7; 70.0)
(0.1; 0.7; 80.0)
(0.1; 0.7; 90.0)
(0.1; 0.7; 100.0)
(0.1; 0.7; 110.0)
(0.1; 0.7; 120.0)
(0.1; 0.7; 130.0)
(0.1; 0.7; 140.0)
(0.1; 0.7; 150.0)
(0.1; 0.7; 160.0)
(0.1; 0.7; 170.0)
(0.1; 0.7; 180.0)
(0.1; 0.7; 190.0)
(0.1; 0.7; 200.0)
(0.1; 0.8; 10.0)
(0.1; 0.8; 20.0)
(0.1; 0.8; 30.0)
(0.1; 0.8; 40.0)
(0.1; 0.8; 50.0)
(0.1; 0.8; 60.0)
(0.1; 0.8; 70.0)
(0.1; 0.8; 80.0)
(0.1; 0.8; 90.0)
(0.1; 0.8; 100.0)
(0.1; 0.8; 110.0)
(0.1; 0.8; 120.0)
(0.1; 0.8; 130.0)
(0.1; 0.8; 140.0)
(0.1; 0.8; 150.0)
(0.1; 0.8; 160.0)
(0.1; 0.8; 170.0)
(0.1; 0.8; 180.0)
(0.1; 0.8; 190.0)
(0.1; 0.8; 200.0)
(0.1; 0.9; 10.0)
(0.1; 0.9; 20.0)
(0.1; 0.9; 30.0)
(0.1; 0.9; 40.0)
(0.1; 0.9; 50.0)
(0.1; 0.9; 60.0)
(0.1; 0.9; 70.0)
(0.1; 0.9; 80.0)
(0.1; 0.9; 90.0)
(0.1; 0.9; 100.0)
(0.1; 0.9; 110.0)
(0.1; 0.9; 120.0)
(0.1; 0.9; 130.0)
(0.1; 0.9; 140.0)
(0.1; 0.9; 150.0)
(0.1; 0.9; 160.0)
(0.1; 0.9; 170.0)
(0.1; 0.9; 180.0)
(0.1; 0.9; 190.0)
(0.1; 0.9; 200.0)
(0.1; 1.0; 10.0)
(0.1; 1.0; 20.0)
(0.1; 1.0; 30.0)
(0.1; 1.0; 50.0)
(0.1; 1.0; 60.0)
(0.1; 1.0; 70.0)
(0.1; 1.0; 80.0)
(0.1; 1.0; 90.0)
(0.1; 1.0; 100.0)
(0.1; 1.0; 110.0)
(0.1; 1.0; 120.0)
(0.1; 1.0; 130.0)
(0.1; 1.0; 140.0)
(0.1; 1.0; 150.0)
(0.1; 1.0; 160.0)
(0.1; 1.0; 170.0)
(0.1; 1.0; 180.0)
(0.1; 1.0; 190.0)
(0.2; 0.1; 10.0)
(0.2; 0.1; 20.0)
(0.2; 0.1; 30.0)
(0.2; 0.1; 40.0)
(0.2; 0.1; 50.0)
(0.2; 0.1; 60.0)
(0.2; 0.1; 70.0)
(0.2; 0.1; 90.0)
(0.2; 0.1; 100.0)
(0.2; 0.1; 110.0)
(0.2; 0.1; 120.0)
(0.2; 0.1; 130.0)
(0.2; 0.1; 140.0)
(0.2; 0.1; 150.0)
(0.2; 0.1; 160.0)
(0.2; 0.1; 170.0)
(0.2; 0.1; 180.0)
(0.2; 0.1; 190.0)
(0.2; 0.1; 200.0)
(0.2; 0.2; 20.0)
(0.2; 0.2; 30.0)
(0.2; 0.2; 50.0)
(0.2; 0.2; 60.0)
(0.2; 0.2; 70.0)
(0.2; 0.2; 80.0)
(0.2; 0.2; 90.0)
(0.2; 0.2; 100.0)
(0.2; 0.2; 110.0)
(0.2; 0.2; 120.0)
(0.2; 0.2; 130.0)
(0.2; 0.2; 140.0)
(0.2; 0.2; 150.0)
(0.2; 0.2; 160.0)
(0.2; 0.2; 170.0)
(0.2; 0.2; 180.0)
(0.2; 0.2; 190.0)
(0.2; 0.2; 200.0)
(0.2; 0.3; 10.0)
(0.2; 0.3; 20.0)
(0.2; 0.3; 30.0)
(0.2; 0.3; 50.0)
(0.2; 0.3; 60.0)
(0.2; 0.3; 70.0)
(0.2; 0.3; 80.0)
(0.2; 0.3; 90.0)
(0.2; 0.3; 100.0)
(0.2; 0.3; 110.0)
(0.2; 0.3; 120.0)
(0.2; 0.3; 140.0)
(0.2; 0.3; 150.0)
(0.2; 0.3; 160.0)
(0.2; 0.3; 170.0)
(0.2; 0.3; 180.0)
(0.2; 0.3; 190.0)
(0.2; 0.4; 10.0)
(0.2; 0.4; 20.0)
(0.2; 0.4; 30.0)
(0.2; 0.4; 40.0)
(0.2; 0.4; 50.0)
(0.2; 0.4; 60.0)
(0.2; 0.4; 70.0)
(0.2; 0.4; 80.0)
(0.2; 0.4; 90.0)
(0.2; 0.4; 100.0)
(0.2; 0.4; 110.0)
(0.2; 0.4; 120.0)
(0.2; 0.4; 130.0)
(0.2; 0.4; 150.0)
(0.2; 0.4; 160.0)
(0.2; 0.4; 180.0)
(0.2; 0.4; 190.0)
(0.2; 0.4; 200.0)
(0.2; 0.5; 10.0)
(0.2; 0.5; 20.0)
(0.2; 0.5; 30.0)
(0.2; 0.5; 40.0)
(0.2; 0.5; 50.0)
(0.2; 0.5; 60.0)
(0.2; 0.5; 70.0)
(0.2; 0.5; 80.0)
(0.2; 0.5; 90.0)
(0.2; 0.5; 100.0)
(0.2; 0.5; 110.0)
(0.2; 0.5; 120.0)
(0.2; 0.5; 140.0)
(0.2; 0.5; 150.0)
(0.2; 0.5; 160.0)
(0.2; 0.5; 170.0)
(0.2; 0.5; 200.0)
(0.2; 0.6; 10.0)
(0.2; 0.6; 20.0)
(0.2; 0.6; 30.0)
(0.2; 0.6; 50.0)
(0.2; 0.6; 60.0)
(0.2; 0.6; 70.0)
(0.2; 0.6; 80.0)
(0.2; 0.6; 90.0)
(0.2; 0.6; 100.0)
(0.2; 0.6; 120.0)
(0.2; 0.6; 130.0)
(0.2; 0.6; 140.0)
(0.2; 0.6; 150.0)
(0.2; 0.6; 160.0)
(0.2; 0.6; 170.0)
(0.2; 0.6; 180.0)
(0.2; 0.6; 190.0)
(0.2; 0.6; 200.0)
(0.2; 0.7; 10.0)
(0.2; 0.7; 20.0)
(0.2; 0.7; 30.0)
(0.2; 0.7; 40.0)
(0.2; 0.7; 50.0)
(0.2; 0.7; 60.0)
(0.2; 0.7; 70.0)
(0.2; 0.7; 80.0)
(0.2; 0.7; 90.0)
(0.2; 0.7; 100.0)
(0.2; 0.7; 110.0)
(0.2; 0.7; 120.0)
(0.2; 0.7; 130.0)
(0.2; 0.7; 140.0)
(0.2; 0.7; 150.0)
(0.2; 0.7; 160.0)
(0.2; 0.7; 170.0)
(0.2; 0.7; 180.0)
(0.2; 0.7; 190.0)
(0.2; 0.7; 200.0)
(0.2; 0.8; 10.0)
(0.2; 0.8; 20.0)
(0.2; 0.8; 30.0)
(0.2; 0.8; 40.0)
(0.2; 0.8; 50.0)
(0.2; 0.8; 60.0)
(0.2; 0.8; 70.0)
(0.2; 0.8; 80.0)
(0.2; 0.8; 90.0)
(0.2; 0.8; 100.0)
(0.2; 0.8; 110.0)
(0.2; 0.8; 120.0)
(0.2; 0.8; 130.0)
(0.2; 0.8; 140.0)
(0.2; 0.8; 150.0)
(0.2; 0.8; 160.0)
(0.2; 0.8; 170.0)
(0.2; 0.8; 180.0)
(0.2; 0.8; 190.0)
(0.2; 0.8; 200.0)
(0.2; 0.9; 10.0)
(0.2; 0.9; 20.0)
(0.2; 0.9; 30.0)
(0.2; 0.9; 40.0)
(0.2; 0.9; 60.0)
(0.2; 0.9; 70.0)
(0.2; 0.9; 80.0)
(0.2; 0.9; 90.0)
(0.2; 0.9; 100.0)
(0.2; 0.9; 110.0)
(0.2; 0.9; 120.0)
(0.2; 0.9; 130.0)
(0.2; 0.9; 140.0)
(0.2; 0.9; 150.0)
(0.2; 0.9; 160.0)
(0.2; 0.9; 170.0)
(0.2; 0.9; 180.0)
(0.2; 0.9; 190.0)
(0.2; 0.9; 200.0)
(0.2; 1.0; 10.0)
(0.2; 1.0; 20.0)
(0.2; 1.0; 30.0)
(0.2; 1.0; 40.0)
(0.2; 1.0; 50.0)
(0.2; 1.0; 60.0)
(0.2; 1.0; 70.0)
(0.2; 1.0; 80.0)
(0.2; 1.0; 90.0)
(0.2; 1.0; 100.0)
(0.2; 1.0; 110.0)
(0.2; 1.0; 120.0)
(0.2; 1.0; 130.0)
(0.2; 1.0; 140.0)
(0.2; 1.0; 160.0)
(0.2; 1.0; 180.0)
(0.2; 1.0; 200.0)
(0.3; 0.1; 10.0)
(0.3; 0.1; 20.0)
(0.3; 0.1; 30.0)
(0.3; 0.1; 50.0)
(0.3; 0.1; 70.0)
(0.3; 0.1; 110.0)
(0.3; 0.1; 120.0)
(0.3; 0.1; 130.0)
(0.3; 0.1; 140.0)
(0.3; 0.1; 170.0)
(0.3; 0.1; 180.0)
(0.3; 0.1; 190.0)
(0.3; 0.2; 50.0)
(0.3; 0.2; 60.0)
(0.3; 0.2; 70.0)
(0.3; 0.2; 80.0)
(0.3; 0.2; 90.0)
(0.3; 0.2; 100.0)
(0.3; 0.2; 110.0)
(0.3; 0.2; 150.0)
(0.3; 0.2; 160.0)
(0.3; 0.2; 170.0)
(0.3; 0.2; 190.0)
(0.3; 0.2; 200.0)
(0.3; 0.3; 10.0)
(0.3; 0.3; 20.0)
(0.3; 0.3; 30.0)
(0.3; 0.3; 40.0)
(0.3; 0.3; 50.0)
(0.3; 0.3; 60.0)
(0.3; 0.3; 70.0)
(0.3; 0.3; 80.0)
(0.3; 0.3; 90.0)
(0.3; 0.3; 100.0)
(0.3; 0.3; 120.0)
(0.3; 0.3; 130.0)
(0.3; 0.3; 140.0)
(0.3; 0.3; 150.0)
(0.3; 0.3; 160.0)
(0.3; 0.3; 170.0)
(0.3; 0.3; 190.0)
(0.3; 0.3; 200.0)
(0.3; 0.4; 10.0)
(0.3; 0.4; 30.0)
(0.3; 0.4; 40.0)
(0.3; 0.4; 50.0)
(0.3; 0.4; 60.0)
(0.3; 0.4; 70.0)
(0.3; 0.4; 80.0)
(0.3; 0.4; 90.0)
(0.3; 0.4; 110.0)
(0.3; 0.4; 130.0)
(0.3; 0.4; 140.0)
(0.3; 0.4; 150.0)
(0.3; 0.4; 170.0)
(0.3; 0.4; 180.0)
(0.3; 0.4; 190.0)
(0.3; 0.4; 200.0)
(0.3; 0.5; 10.0)
(0.3; 0.5; 20.0)
(0.3; 0.5; 30.0)
(0.3; 0.5; 40.0)
(0.3; 0.5; 60.0)
(0.3; 0.5; 70.0)
(0.3; 0.5; 80.0)
(0.3; 0.5; 90.0)
(0.3; 0.5; 120.0)
(0.3; 0.5; 130.0)
(0.3; 0.5; 150.0)
(0.3; 0.5; 160.0)
(0.3; 0.5; 170.0)
(0.3; 0.5; 180.0)
(0.3; 0.5; 190.0)
(0.3; 0.6; 10.0)
(0.3; 0.6; 30.0)
(0.3; 0.6; 40.0)
(0.3; 0.6; 50.0)
(0.3; 0.6; 60.0)
(0.3; 0.6; 80.0)
(0.3; 0.6; 90.0)
(0.3; 0.6; 110.0)
(0.3; 0.6; 120.0)
(0.3; 0.6; 140.0)
(0.3; 0.6; 150.0)
(0.3; 0.6; 160.0)
(0.3; 0.6; 190.0)
(0.3; 0.6; 200.0)
(0.3; 0.7; 10.0)
(0.3; 0.7; 20.0)
(0.3; 0.7; 30.0)
(0.3; 0.7; 40.0)
(0.3; 0.7; 50.0)
(0.3; 0.7; 60.0)
(0.3; 0.7; 70.0)
(0.3; 0.7; 80.0)
(0.3; 0.7; 100.0)
(0.3; 0.7; 110.0)
(0.3; 0.7; 120.0)
(0.3; 0.7; 130.0)
(0.3; 0.7; 150.0)
(0.3; 0.7; 160.0)
(0.3; 0.7; 190.0)
(0.3; 0.7; 200.0)
(0.3; 0.8; 10.0)
(0.3; 0.8; 20.0)
(0.3; 0.8; 30.0)
(0.3; 0.8; 50.0)
(0.3; 0.8; 60.0)
(0.3; 0.8; 70.0)
(0.3; 0.8; 90.0)
(0.3; 0.8; 100.0)
(0.3; 0.8; 110.0)
(0.3; 0.8; 120.0)
(0.3; 0.8; 130.0)
(0.3; 0.8; 140.0)
(0.3; 0.8; 150.0)
(0.3; 0.8; 160.0)
(0.3; 0.8; 170.0)
(0.3; 0.8; 180.0)
(0.3; 0.8; 200.0)
(0.3; 0.9; 10.0)
(0.3; 0.9; 20.0)
(0.3; 0.9; 30.0)
(0.3; 0.9; 40.0)
(0.3; 0.9; 50.0)
(0.3; 0.9; 60.0)
(0.3; 0.9; 70.0)
(0.3; 0.9; 80.0)
(0.3; 0.9; 90.0)
(0.3; 0.9; 100.0)
(0.3; 0.9; 120.0)
(0.3; 0.9; 130.0)
(0.3; 0.9; 150.0)
(0.3; 0.9; 160.0)
(0.3; 0.9; 170.0)
(0.3; 1.0; 10.0)
(0.3; 1.0; 20.0)
(0.3; 1.0; 30.0)
(0.3; 1.0; 40.0)
(0.3; 1.0; 60.0)
(0.3; 1.0; 100.0)
(0.3; 1.0; 110.0)
(0.3; 1.0; 130.0)
(0.3; 1.0; 160.0)
(0.3; 1.0; 180.0)
(0.3; 1.0; 190.0)
(0.3; 1.0; 200.0)
(0.4; 0.1; 10.0)
(0.4; 0.1; 20.0)
(0.4; 0.1; 60.0)
(0.4; 0.1; 90.0)
(0.4; 0.1; 110.0)
(0.4; 0.1; 140.0)
(0.4; 0.1; 160.0)
(0.4; 0.1; 170.0)
(0.4; 0.1; 180.0)
(0.4; 0.1; 200.0)
(0.4; 0.2; 10.0)
(0.4; 0.2; 30.0)
(0.4; 0.2; 40.0)
(0.4; 0.2; 50.0)
(0.4; 0.2; 60.0)
(0.4; 0.2; 80.0)
(0.4; 0.2; 90.0)
(0.4; 0.2; 120.0)
(0.4; 0.2; 140.0)
(0.4; 0.2; 150.0)
(0.4; 0.2; 160.0)
(0.4; 0.2; 180.0)
(0.4; 0.2; 190.0)
(0.4; 0.3; 10.0)
(0.4; 0.3; 40.0)
(0.4; 0.3; 50.0)
(0.4; 0.3; 60.0)
(0.4; 0.3; 70.0)
(0.4; 0.3; 90.0)
(0.4; 0.3; 100.0)
(0.4; 0.3; 110.0)
(0.4; 0.3; 120.0)
(0.4; 0.3; 130.0)
(0.4; 0.3; 140.0)
(0.4; 0.3; 160.0)
(0.4; 0.3; 170.0)
(0.4; 0.3; 190.0)
(0.4; 0.3; 200.0)
(0.4; 0.4; 10.0)
(0.4; 0.4; 30.0)
(0.4; 0.4; 40.0)
(0.4; 0.4; 50.0)
(0.4; 0.4; 60.0)
(0.4; 0.4; 70.0)
(0.4; 0.4; 110.0)
(0.4; 0.4; 130.0)
(0.4; 0.4; 150.0)
(0.4; 0.4; 190.0)
(0.4; 0.5; 10.0)
(0.4; 0.5; 20.0)
(0.4; 0.5; 40.0)
(0.4; 0.5; 50.0)
(0.4; 0.5; 60.0)
(0.4; 0.5; 70.0)
(0.4; 0.5; 80.0)
(0.4; 0.5; 90.0)
(0.4; 0.5; 100.0)
(0.4; 0.5; 120.0)
(0.4; 0.5; 130.0)
(0.4; 0.5; 150.0)
(0.4; 0.5; 160.0)
(0.4; 0.5; 190.0)
(0.4; 0.6; 10.0)
(0.4; 0.6; 20.0)
(0.4; 0.6; 30.0)
(0.4; 0.6; 40.0)
(0.4; 0.6; 50.0)
(0.4; 0.6; 60.0)
(0.4; 0.6; 80.0)
(0.4; 0.6; 90.0)
(0.4; 0.6; 100.0)
(0.4; 0.6; 120.0)
(0.4; 0.6; 130.0)
(0.4; 0.6; 140.0)
(0.4; 0.6; 150.0)
(0.4; 0.6; 160.0)
(0.4; 0.6; 170.0)
(0.4; 0.6; 180.0)
(0.4; 0.7; 10.0)
(0.4; 0.7; 20.0)
(0.4; 0.7; 30.0)
(0.4; 0.7; 60.0)
(0.4; 0.7; 80.0)
(0.4; 0.7; 140.0)
(0.4; 0.7; 150.0)
(0.4; 0.7; 160.0)
(0.4; 0.7; 170.0)
(0.4; 0.7; 180.0)
(0.4; 0.7; 190.0)
(0.4; 0.7; 200.0)
(0.4; 0.8; 10.0)
(0.4; 0.8; 60.0)
(0.4; 0.8; 70.0)
(0.4; 0.8; 80.0)
(0.4; 0.8; 100.0)
(0.4; 0.8; 120.0)
(0.4; 0.8; 130.0)
(0.4; 0.8; 140.0)
(0.4; 0.8; 150.0)
(0.4; 0.8; 160.0)
(0.4; 0.8; 170.0)
(0.4; 0.8; 180.0)
(0.4; 0.8; 190.0)
(0.4; 0.8; 200.0)
(0.4; 0.9; 10.0)
(0.4; 0.9; 20.0)
(0.4; 0.9; 30.0)
(0.4; 0.9; 40.0)
(0.4; 0.9; 50.0)
(0.4; 0.9; 60.0)
(0.4; 0.9; 70.0)
(0.4; 0.9; 80.0)
(0.4; 0.9; 110.0)
(0.4; 0.9; 150.0)
(0.4; 0.9; 160.0)
(0.4; 0.9; 180.0)
(0.4; 0.9; 200.0)
(0.4; 1.0; 30.0)
(0.4; 1.0; 40.0)
(0.4; 1.0; 60.0)
(0.4; 1.0; 70.0)
(0.4; 1.0; 80.0)
(0.4; 1.0; 90.0)
(0.4; 1.0; 100.0)
(0.4; 1.0; 110.0)
(0.4; 1.0; 120.0)
(0.4; 1.0; 130.0)
(0.4; 1.0; 140.0)
(0.4; 1.0; 150.0)
(0.4; 1.0; 160.0)
(0.4; 1.0; 170.0)
(0.4; 1.0; 190.0)
(0.4; 1.0; 200.0)
(0.5; 0.1; 10.0)
(0.5; 0.1; 110.0)
(0.5; 0.1; 130.0)
(0.5; 0.1; 150.0)
(0.5; 0.1; 160.0)
(0.5; 0.1; 190.0)
(0.5; 0.2; 10.0)
(0.5; 0.2; 20.0)
(0.5; 0.2; 30.0)
(0.5; 0.2; 50.0)
(0.5; 0.2; 60.0)
(0.5; 0.2; 80.0)
(0.5; 0.2; 110.0)
(0.5; 0.2; 130.0)
(0.5; 0.2; 150.0)
(0.5; 0.2; 160.0)
(0.5; 0.3; 10.0)
(0.5; 0.3; 40.0)
(0.5; 0.3; 50.0)
(0.5; 0.3; 60.0)
(0.5; 0.3; 80.0)
(0.5; 0.3; 90.0)
(0.5; 0.3; 110.0)
(0.5; 0.3; 140.0)
(0.5; 0.3; 180.0)
(0.5; 0.4; 10.0)
(0.5; 0.4; 20.0)
(0.5; 0.4; 40.0)
(0.5; 0.4; 50.0)
(0.5; 0.4; 60.0)
(0.5; 0.4; 70.0)
(0.5; 0.4; 80.0)
(0.5; 0.4; 90.0)
(0.5; 0.4; 100.0)
(0.5; 0.4; 110.0)
(0.5; 0.4; 130.0)
(0.5; 0.4; 140.0)
(0.5; 0.4; 150.0)
(0.5; 0.4; 190.0)
(0.5; 0.5; 30.0)
(0.5; 0.5; 50.0)
(0.5; 0.5; 60.0)
(0.5; 0.5; 70.0)
(0.5; 0.5; 100.0)
(0.5; 0.5; 170.0)
(0.5; 0.5; 180.0)
(0.5; 0.5; 190.0)
(0.5; 0.6; 20.0)
(0.5; 0.6; 60.0)
(0.5; 0.6; 90.0)
(0.5; 0.6; 100.0)
(0.5; 0.6; 120.0)
(0.5; 0.6; 160.0)
(0.5; 0.6; 170.0)
(0.5; 0.6; 200.0)
(0.5; 0.7; 30.0)
(0.5; 0.7; 50.0)
(0.5; 0.7; 60.0)
(0.5; 0.7; 70.0)
(0.5; 0.7; 80.0)
(0.5; 0.7; 90.0)
(0.5; 0.7; 190.0)
(0.5; 0.7; 200.0)
(0.5; 0.8; 10.0)
(0.5; 0.8; 40.0)
(0.5; 0.8; 80.0)
(0.5; 0.8; 90.0)
(0.5; 0.8; 100.0)
(0.5; 0.8; 110.0)
(0.5; 0.8; 120.0)
(0.5; 0.8; 140.0)
(0.5; 0.8; 200.0)
(0.5; 0.9; 40.0)
(0.5; 0.9; 110.0)
(0.5; 0.9; 120.0)
(0.5; 0.9; 130.0)
(0.5; 0.9; 150.0)
(0.5; 0.9; 200.0)
(0.5; 1.0; 30.0)
(0.5; 1.0; 40.0)
(0.5; 1.0; 60.0)
(0.5; 1.0; 70.0)
(0.5; 1.0; 110.0)
(0.5; 1.0; 130.0)
(0.5; 1.0; 160.0)
(0.5; 1.0; 170.0)
(0.5; 1.0; 180.0)
(0.5; 1.0; 200.0)

DATA 5
(0.1; 0.1; 60.0)
(0.1; 0.1; 90.0)
(0.1; 0.1; 160.0)
(0.1; 0.1; 170.0)
(0.1; 0.1; 180.0)
(0.1; 0.2; 50.0)
(0.1; 0.2; 180.0)
(0.1; 0.2; 190.0)
(0.1; 0.3; 40.0)
(0.1; 0.3; 60.0)
(0.1; 0.3; 170.0)
(0.1; 0.3; 180.0)
(0.1; 0.4; 10.0)
(0.1; 0.4; 20.0)
(0.1; 0.4; 90.0)
(0.1; 0.4; 140.0)
(0.1; 0.5; 10.0)
(0.1; 0.5; 50.0)
(0.1; 0.6; 120.0)
(0.1; 0.6; 150.0)
(0.1; 0.7; 30.0)
(0.1; 0.7; 70.0)
(0.1; 0.7; 90.0)
(0.1; 0.7; 130.0)
(0.1; 0.7; 160.0)
(0.1; 0.8; 50.0)
(0.1; 0.8; 90.0)
(0.1; 0.8; 120.0)
(0.1; 0.8; 130.0)
(0.1; 0.8; 140.0)
(0.1; 0.8; 150.0)
(0.1; 0.8; 160.0)
(0.1; 0.8; 190.0)
(0.1; 0.9; 50.0)
(0.1; 0.9; 90.0)
(0.1; 0.9; 100.0)
(0.1; 0.9; 110.0)
(0.1; 0.9; 150.0)
(0.1; 0.9; 170.0)
(0.1; 0.9; 190.0)
(0.2; 0.1; 140.0)
(0.2; 0.1; 150.0)
(0.2; 0.1; 160.0)
(0.2; 0.1; 200.0)
(0.2; 0.2; 20.0)
(0.2; 0.2; 50.0)
(0.2; 0.2; 60.0)
(0.2; 0.2; 80.0)
(0.2; 0.2; 90.0)
(0.2; 0.2; 110.0)
(0.2; 0.2; 200.0)
(0.2; 0.3; 50.0)
(0.2; 0.3; 60.0)
(0.2; 0.3; 70.0)
(0.2; 0.3; 140.0)
(0.2; 0.3; 150.0)
(0.2; 0.3; 180.0)
(0.2; 0.4; 100.0)
(0.2; 0.4; 150.0)
(0.2; 0.4; 190.0)
(0.2; 0.5; 50.0)
(0.2; 0.5; 60.0)
(0.2; 0.5; 90.0)
(0.2; 0.5; 100.0)
(0.2; 0.5; 120.0)
(0.2; 0.5; 200.0)
(0.2; 0.6; 10.0)
(0.2; 0.6; 40.0)
(0.2; 0.6; 90.0)
(0.2; 0.6; 130.0)
(0.2; 0.6; 140.0)
(0.2; 0.6; 200.0)
(0.2; 0.7; 10.0)
(0.2; 0.7; 50.0)
(0.2; 0.7; 60.0)
(0.2; 0.7; 100.0)
(0.2; 0.7; 190.0)
(0.2; 0.8; 60.0)
(0.2; 0.8; 80.0)
(0.2; 0.8; 100.0)
(0.2; 0.8; 180.0)
(0.2; 0.9; 50.0)
(0.2; 0.9; 100.0)
(0.2; 0.9; 110.0)
(0.2; 0.9; 180.0)
(0.2; 0.9; 190.0)
(0.2; 0.9; 200.0)
(0.2; 1.0; 150.0)
(0.2; 1.0; 170.0)
(0.3; 0.1; 110.0)
(0.3; 0.1; 140.0)
(0.3; 0.1; 160.0)
(0.3; 0.3; 10.0)
(0.3; 0.3; 180.0)
(0.3; 0.4; 200.0)
(0.3; 0.5; 100.0)
(0.3; 0.5; 130.0)
(0.3; 0.6; 150.0)
(0.3; 0.6; 180.0)
(0.3; 0.7; 30.0)
(0.3; 0.7; 90.0)
(0.3; 0.8; 20.0)
(0.3; 0.8; 130.0)
(0.3; 0.8; 190.0)
(0.3; 0.9; 140.0)
(0.3; 0.9; 160.0)
(0.3; 0.9; 180.0)
(0.3; 1.0; 110.0)
(0.3; 1.0; 150.0)
(0.4; 0.1; 60.0)
(0.4; 0.1; 140.0)
(0.4; 0.1; 160.0)
(0.4; 0.1; 200.0)
(0.4; 0.2; 80.0)
(0.4; 0.2; 180.0)
(0.4; 0.3; 20.0)
(0.4; 0.3; 110.0)
(0.4; 0.3; 140.0)
(0.4; 0.4; 70.0)
(0.4; 0.4; 120.0)
(0.4; 0.4; 190.0)
(0.4; 0.5; 40.0)
(0.4; 0.5; 80.0)
(0.4; 0.5; 150.0)
(0.4; 0.5; 170.0)
(0.4; 0.5; 190.0)
(0.4; 0.6; 160.0)
(0.4; 0.6; 170.0)
(0.4; 0.7; 200.0)
(0.4; 0.8; 20.0)
(0.4; 0.8; 60.0)
(0.4; 0.8; 80.0)
(0.4; 0.8; 100.0)
(0.4; 0.8; 180.0)
(0.4; 0.9; 20.0)
(0.4; 0.9; 90.0)
(0.4; 0.9; 100.0)
(0.4; 0.9; 140.0)
(0.4; 0.9; 150.0)
(0.4; 0.9; 190.0)
(0.4; 0.9; 200.0)
(0.4; 1.0; 30.0)
(0.4; 1.0; 70.0)
(0.4; 1.0; 80.0)
(0.4; 1.0; 160.0)
(0.4; 1.0; 200.0)
