0 0.1 50 0
0 0.1 100 0
0 0.1 150 0
0 0.1 200 0
0 0.1 250 0
0 0.1 300 0
0 0.1 350 0
0 0.1 400 0
0 0.1 450 0
0 0.1 500 0
0 0.1 550 0
0 0.1 600 0
0 0.1 650 0
0 0.1 700 0
0 0.1 750 0
0 0.1 800 0
0 0.1 850 0
0 0.1 900 0
0 0.1 950 0
0 0.2 50 0
0 0.2 100 0
0 0.2 150 0
0 0.2 200 0
0 0.2 250 0
0 0.2 300 0
0 0.2 350 0
0 0.2 400 0
0 0.2 450 0
0 0.2 500 0
0 0.2 550 0
0 0.2 600 0
0 0.2 650 0
0 0.2 700 0
0 0.2 750 0
0 0.2 800 0
0 0.2 850 0
0 0.2 900 0
0 0.2 950 0
0 0.3 50 0
0 0.3 100 0
0 0.3 150 0
0 0.3 200 0
0 0.3 250 0
0 0.3 300 0
0 0.3 350 0
0 0.3 400 0
0 0.3 450 0
0 0.3 500 0
0 0.3 550 0
0 0.3 600 0
0 0.3 650 0
0 0.3 700 0
0 0.3 750 0
0 0.3 800 0
0 0.3 850 0
0 0.3 900 0
0 0.3 950 0
0 0.4 50 0
0 0.4 100 0
0 0.4 150 0
0 0.4 200 0
0 0.4 250 0
0 0.4 300 0
0 0.4 350 0
0 0.4 400 0
0 0.4 450 0
0 0.4 500 0
0 0.4 550 0
0 0.4 600 0
0 0.4 650 0
0 0.4 700 0
0 0.4 750 0
0 0.4 800 0
0 0.4 850 0
0 0.4 900 0
0 0.4 950 0
0 0.5 50 0
0 0.5 100 0
0 0.5 150 0
0 0.5 200 0
0 0.5 250 0
0 0.5 300 0
0 0.5 350 0
0 0.5 400 0
0 0.5 450 0
0 0.5 500 0
0 0.5 550 0
0 0.5 600 0
0 0.5 650 0
0 0.5 700 0
0 0.5 750 0
0 0.5 800 0
0 0.5 850 0
0 0.5 900 0
0 0.5 950 0
0 0.6 50 0
0 0.6 100 0
0 0.6 150 0
0 0.6 200 0
0 0.6 250 0
0 0.6 300 0
0 0.6 350 0
0 0.6 400 0
0 0.6 450 0
0 0.6 500 0
0 0.6 550 0
0 0.6 600 0
0 0.6 650 0
0 0.6 700 0
0 0.6 750 0
0 0.6 800 0
0 0.6 850 0
0 0.6 900 0
0 0.6 950 0
0 0.7 50 0
0 0.7 100 0
0 0.7 150 0
0 0.7 200 0
0 0.7 250 0
0 0.7 300 0
0 0.7 350 0
0 0.7 400 0
0 0.7 450 0
0 0.7 500 0
0 0.7 550 0
0 0.7 600 0
0 0.7 650 0
0 0.7 700 0
0 0.7 750 0
0 0.7 800 0
0 0.7 850 0
0 0.7 900 0
0 0.7 950 0
0 0.8 50 0
0 0.8 100 0
0 0.8 150 0
0 0.8 200 0
0 0.8 250 0
0 0.8 300 0
0 0.8 350 0
0 0.8 400 0
0 0.8 450 0
0 0.8 500 0
0 0.8 550 0
0 0.8 600 0
0 0.8 650 0
0 0.8 700 0
0 0.8 750 0
0 0.8 800 0
0 0.8 850 0
0 0.8 900 0
0 0.8 950 0
0 0.9 50 0
0 0.9 100 0
0 0.9 150 0
0 0.9 200 0
0 0.9 250 0
0 0.9 300 0
0 0.9 350 0
0 0.9 400 0
0 0.9 450 0
0 0.9 500 0
0 0.9 550 0
0 0.9 600 0
0 0.9 650 0
0 0.9 700 0
0 0.9 750 0
0 0.9 800 0
0 0.9 850 0
0 0.9 900 0
0 0.9 950 0
0 1 50 0
0 1 100 0
0 1 150 0
0 1 200 0
0 1 250 0
0 1 300 0
0 1 350 0
0 1 400 0
0 1 450 0
0 1 500 0
0 1 550 0
0 1 600 0
0 1 650 0
0 1 700 0
0 1 750 0
0 1 800 0
0 1 850 0
0 1 900 0
0 1 950 0
0.1 0.1 50 0
0.1 0.1 100 0
0.1 0.1 150 0
0.1 0.1 200 0
0.1 0.1 250 0
0.1 0.1 300 0
0.1 0.1 350 0
0.1 0.1 400 0
0.1 0.1 450 0
0.1 0.1 500 0
0.1 0.1 550 0
0.1 0.1 600 0
0.1 0.1 650 0
0.1 0.1 700 0
0.1 0.1 750 0
0.1 0.1 800 0
0.1 0.1 850 0
0.1 0.1 900 0
0.1 0.1 950 0
0.1 0.2 50 0
0.1 0.2 100 0
0.1 0.2 150 0
0.1 0.2 200 0
0.1 0.2 250 0
0.1 0.2 300 0
0.1 0.2 350 0
0.1 0.2 400 0
0.1 0.2 450 0
0.1 0.2 500 0
0.1 0.2 550 0
0.1 0.2 600 0
0.1 0.2 650 0
0.1 0.2 700 0
0.1 0.2 750 0
0.1 0.2 800 0
0.1 0.2 850 0
0.1 0.2 900 0
0.1 0.2 950 0
0.1 0.3 50 0
0.1 0.3 100 0
0.1 0.3 150 0
0.1 0.3 200 0
0.1 0.3 250 0
0.1 0.3 300 0
0.1 0.3 350 0
0.1 0.3 400 0
0.1 0.3 450 0
0.1 0.3 500 0
0.1 0.3 550 0
0.1 0.3 600 0
0.1 0.3 650 0
0.1 0.3 700 0
0.1 0.3 750 0
0.1 0.3 800 0
0.1 0.3 850 0
0.1 0.3 900 0
0.1 0.3 950 0
0.1 0.4 50 0
0.1 0.4 100 0
0.1 0.4 150 0
0.1 0.4 200 0
0.1 0.4 250 0
0.1 0.4 300 0
0.1 0.4 350 0
0.1 0.4 400 0
0.1 0.4 450 0
0.1 0.4 500 0
0.1 0.4 550 0
0.1 0.4 600 0
0.1 0.4 650 0
0.1 0.4 700 0
0.1 0.4 750 0
0.1 0.4 800 0
0.1 0.4 850 0
0.1 0.4 900 0
0.1 0.4 950 0
0.1 0.5 50 0
0.1 0.5 100 0
0.1 0.5 150 0
0.1 0.5 200 0
0.1 0.5 250 0
0.1 0.5 300 0
0.1 0.5 350 0
0.1 0.5 400 0
0.1 0.5 450 0
0.1 0.5 500 0
0.1 0.5 550 0
0.1 0.5 600 0
0.1 0.5 650 0
0.1 0.5 700 0
0.1 0.5 750 0
0.1 0.5 800 0
0.1 0.5 850 0
0.1 0.5 900 0
0.1 0.5 950 0
0.1 0.6 50 0
0.1 0.6 100 0
0.1 0.6 150 0
0.1 0.6 200 0
0.1 0.6 250 0
0.1 0.6 300 0
0.1 0.6 350 0
0.1 0.6 400 0
0.1 0.6 450 0
0.1 0.6 500 0
0.1 0.6 550 0
0.1 0.6 600 0
0.1 0.6 650 0
0.1 0.6 700 0
0.1 0.6 750 0
0.1 0.6 800 0
0.1 0.6 850 0
0.1 0.6 900 0
0.1 0.6 950 0
0.1 0.7 50 0
0.1 0.7 100 0
0.1 0.7 150 0
0.1 0.7 200 0
0.1 0.7 250 0
0.1 0.7 300 0
0.1 0.7 350 0
0.1 0.7 400 0
0.1 0.7 450 0
0.1 0.7 500 0
0.1 0.7 550 0
0.1 0.7 600 0
0.1 0.7 650 0
0.1 0.7 700 0
0.1 0.7 750 0
0.1 0.7 800 0
0.1 0.7 850 0
0.1 0.7 900 0
0.1 0.7 950 0
0.1 0.8 50 0
0.1 0.8 100 0
0.1 0.8 150 0
0.1 0.8 200 0
0.1 0.8 250 0
0.1 0.8 300 0
0.1 0.8 350 0
0.1 0.8 400 0
0.1 0.8 450 0
0.1 0.8 500 0
0.1 0.8 550 0
0.1 0.8 600 0
0.1 0.8 650 0
0.1 0.8 700 0
0.1 0.8 750 0
0.1 0.8 800 0
0.1 0.8 850 0
0.1 0.8 900 0
0.1 0.8 950 0
0.1 0.9 50 0
0.1 0.9 100 0
0.1 0.9 150 0
0.1 0.9 200 0
0.1 0.9 250 0
0.1 0.9 300 0
0.1 0.9 350 0
0.1 0.9 400 0
0.1 0.9 450 0
0.1 0.9 500 0
0.1 0.9 550 0
0.1 0.9 600 0
0.1 0.9 650 0
0.1 0.9 700 0
0.1 0.9 750 0
0.1 0.9 800 0
0.1 0.9 850 0
0.1 0.9 900 0
0.1 0.9 950 0
0.1 1 50 0
0.1 1 100 0
0.1 1 150 0
0.1 1 200 0
0.1 1 250 0
0.1 1 300 0
0.1 1 350 0
0.1 1 400 0
0.1 1 450 0
0.1 1 500 0
0.1 1 550 0
0.1 1 600 0
0.1 1 650 0
0.1 1 700 0
0.1 1 750 0
0.1 1 800 0
0.1 1 850 0
0.1 1 900 0
0.1 1 950 0
0.2 0.1 50 0
0.2 0.1 100 0
0.2 0.1 150 0
0.2 0.1 200 0
0.2 0.1 250 0
0.2 0.1 300 0
0.2 0.1 350 0
0.2 0.1 400 0
0.2 0.1 450 0
0.2 0.1 500 0
0.2 0.1 550 0
0.2 0.1 600 0
0.2 0.1 650 0
0.2 0.1 700 0
0.2 0.1 750 0
0.2 0.1 800 0
0.2 0.1 850 0
0.2 0.1 900 0
0.2 0.1 950 0
0.2 0.2 50 0
0.2 0.2 100 0
0.2 0.2 150 0
0.2 0.2 200 0
0.2 0.2 250 0
0.2 0.2 300 0
0.2 0.2 350 0
0.2 0.2 400 0
0.2 0.2 450 0
0.2 0.2 500 0
0.2 0.2 550 0
0.2 0.2 600 0
0.2 0.2 650 0
0.2 0.2 700 0
0.2 0.2 750 0
0.2 0.2 800 0
0.2 0.2 850 0
0.2 0.2 900 0
0.2 0.2 950 0
0.2 0.3 50 0
0.2 0.3 100 0
0.2 0.3 150 0
0.2 0.3 200 0
0.2 0.3 250 0
0.2 0.3 300 0
0.2 0.3 350 0
0.2 0.3 400 0
0.2 0.3 450 0
0.2 0.3 500 0
0.2 0.3 550 0
0.2 0.3 600 0
0.2 0.3 650 0
0.2 0.3 700 0
0.2 0.3 750 0
0.2 0.3 800 0
0.2 0.3 850 0
0.2 0.3 900 0
0.2 0.3 950 0
0.2 0.4 50 0
0.2 0.4 100 0
0.2 0.4 150 0
0.2 0.4 200 0
0.2 0.4 250 0
0.2 0.4 300 0
0.2 0.4 350 0
0.2 0.4 400 0
0.2 0.4 450 0
0.2 0.4 500 0
0.2 0.4 550 0
0.2 0.4 600 0
0.2 0.4 650 0
0.2 0.4 700 0
0.2 0.4 750 0
0.2 0.4 800 0
0.2 0.4 850 0
0.2 0.4 900 0
0.2 0.4 950 0
0.2 0.5 50 0
0.2 0.5 100 0
0.2 0.5 150 0
0.2 0.5 200 0
0.2 0.5 250 0
0.2 0.5 300 0
0.2 0.5 350 0
0.2 0.5 400 0
0.2 0.5 450 0
0.2 0.5 500 0
0.2 0.5 550 0
0.2 0.5 600 0
0.2 0.5 650 0
0.2 0.5 700 0
0.2 0.5 750 0
0.2 0.5 800 0
0.2 0.5 850 0
0.2 0.5 900 0
0.2 0.5 950 0
0.2 0.6 50 0
0.2 0.6 100 0
0.2 0.6 150 0
0.2 0.6 200 0
0.2 0.6 250 0
0.2 0.6 300 0
0.2 0.6 350 0
0.2 0.6 400 0
0.2 0.6 450 0
0.2 0.6 500 0
0.2 0.6 550 0
0.2 0.6 600 0
0.2 0.6 650 0
0.2 0.6 700 0
0.2 0.6 750 0
0.2 0.6 800 0
0.2 0.6 850 0
0.2 0.6 900 0
0.2 0.6 950 0
0.2 0.7 50 0
0.2 0.7 100 0
0.2 0.7 150 0
0.2 0.7 200 0
0.2 0.7 250 0
0.2 0.7 300 0
0.2 0.7 350 0
0.2 0.7 400 0
0.2 0.7 450 0
0.2 0.7 500 0
0.2 0.7 550 0
0.2 0.7 600 0
0.2 0.7 650 0
0.2 0.7 700 0
0.2 0.7 750 0
0.2 0.7 800 0
0.2 0.7 850 0
0.2 0.7 900 0
0.2 0.7 950 0
0.2 0.8 50 0
0.2 0.8 100 0
0.2 0.8 150 0
0.2 0.8 200 0
0.2 0.8 250 0
0.2 0.8 300 0
0.2 0.8 350 0
0.2 0.8 400 0
0.2 0.8 450 0
0.2 0.8 500 0
0.2 0.8 550 0
0.2 0.8 600 0
0.2 0.8 650 0
0.2 0.8 700 0
0.2 0.8 750 0
0.2 0.8 800 0
0.2 0.8 850 0
0.2 0.8 900 0
0.2 0.8 950 0
0.2 0.9 50 0
0.2 0.9 100 0
0.2 0.9 150 0
0.2 0.9 200 0
0.2 0.9 250 0
0.2 0.9 300 0
0.2 0.9 350 0
0.2 0.9 400 0
0.2 0.9 450 0
0.2 0.9 500 0
0.2 0.9 550 0
0.2 0.9 600 0
0.2 0.9 650 0
0.2 0.9 700 0
0.2 0.9 750 0
0.2 0.9 800 0
0.2 0.9 850 0
0.2 0.9 900 0
0.2 0.9 950 0
0.2 1 50 0
0.2 1 100 0
0.2 1 150 0
0.2 1 200 0
0.2 1 250 0
0.2 1 300 0
0.2 1 350 0
0.2 1 400 0
0.2 1 450 0
0.2 1 500 0
0.2 1 550 0
0.2 1 600 0
0.2 1 650 0
0.2 1 700 0
0.2 1 750 0
0.2 1 800 0
0.2 1 850 0
0.2 1 900 0
0.2 1 950 0
0.3 0.1 50 0
0.3 0.1 100 0
0.3 0.1 150 0
0.3 0.1 200 0
0.3 0.1 250 0
0.3 0.1 300 0
0.3 0.1 350 0
0.3 0.1 400 0
0.3 0.1 450 0
0.3 0.1 500 0
0.3 0.1 550 0
0.3 0.1 600 0
0.3 0.1 650 0
0.3 0.1 700 0
0.3 0.1 750 0
0.3 0.1 800 0
0.3 0.1 850 0
0.3 0.1 900 0
0.3 0.1 950 0
0.3 0.2 50 0
0.3 0.2 100 0
0.3 0.2 150 0
0.3 0.2 200 0
0.3 0.2 250 0
0.3 0.2 300 0
0.3 0.2 350 0
0.3 0.2 400 0
0.3 0.2 450 0
0.3 0.2 500 0
0.3 0.2 550 0
0.3 0.2 600 0
0.3 0.2 650 0
0.3 0.2 700 0
0.3 0.2 750 0
0.3 0.2 800 0
0.3 0.2 850 0
0.3 0.2 900 0
0.3 0.2 950 0
0.3 0.3 50 0
0.3 0.3 100 0
0.3 0.3 150 0
0.3 0.3 200 0
0.3 0.3 250 0
0.3 0.3 300 0
0.3 0.3 350 0
0.3 0.3 400 0
0.3 0.3 450 0
0.3 0.3 500 0
0.3 0.3 550 0
0.3 0.3 600 0
0.3 0.3 650 0
0.3 0.3 700 0
0.3 0.3 750 0
0.3 0.3 800 0
0.3 0.3 850 0
0.3 0.3 900 0
0.3 0.3 950 0
0.3 0.4 50 0
0.3 0.4 100 0
0.3 0.4 150 0
0.3 0.4 200 0
0.3 0.4 250 0
0.3 0.4 300 0
0.3 0.4 350 0
0.3 0.4 400 0
0.3 0.4 450 0
0.3 0.4 500 0
0.3 0.4 550 0
0.3 0.4 600 0
0.3 0.4 650 0
0.3 0.4 700 0
0.3 0.4 750 0
0.3 0.4 800 0
0.3 0.4 850 0
0.3 0.4 900 0
0.3 0.4 950 0
0.3 0.5 50 0
0.3 0.5 100 0
0.3 0.5 150 0
0.3 0.5 200 0
0.3 0.5 250 0
0.3 0.5 300 0
0.3 0.5 350 0
0.3 0.5 400 0
0.3 0.5 450 0
0.3 0.5 500 0
0.3 0.5 550 0
0.3 0.5 600 0
0.3 0.5 650 0
0.3 0.5 700 0
0.3 0.5 750 0
0.3 0.5 800 0
0.3 0.5 850 0
0.3 0.5 900 0
0.3 0.5 950 0
0.3 0.6 50 0
0.3 0.6 100 0
0.3 0.6 150 0
0.3 0.6 200 0
0.3 0.6 250 0
0.3 0.6 300 0
0.3 0.6 350 0
0.3 0.6 400 0
0.3 0.6 450 0
0.3 0.6 500 0
0.3 0.6 550 0
0.3 0.6 600 0
0.3 0.6 650 0
0.3 0.6 700 0
0.3 0.6 750 0
0.3 0.6 800 0
0.3 0.6 850 0
0.3 0.6 900 0
0.3 0.6 950 0
0.3 0.7 50 0
0.3 0.7 100 0
0.3 0.7 150 0
0.3 0.7 200 0
0.3 0.7 250 0
0.3 0.7 300 0
0.3 0.7 350 0
0.3 0.7 400 0
0.3 0.7 450 0
0.3 0.7 500 0
0.3 0.7 550 0
0.3 0.7 600 0
0.3 0.7 650 0
0.3 0.7 700 0
0.3 0.7 750 0
0.3 0.7 800 0
0.3 0.7 850 0
0.3 0.7 900 0
0.3 0.7 950 0
0.3 0.8 50 0
0.3 0.8 100 0
0.3 0.8 150 0
0.3 0.8 200 0
0.3 0.8 250 0
0.3 0.8 300 0
0.3 0.8 350 0
0.3 0.8 400 0
0.3 0.8 450 0
0.3 0.8 500 0
0.3 0.8 550 0
0.3 0.8 600 0
0.3 0.8 650 0
0.3 0.8 700 0
0.3 0.8 750 0
0.3 0.8 800 0
0.3 0.8 850 0
0.3 0.8 900 0
0.3 0.8 950 0
0.3 0.9 50 0
0.3 0.9 100 0
0.3 0.9 150 0
0.3 0.9 200 0
0.3 0.9 250 0
0.3 0.9 300 0
0.3 0.9 350 0
0.3 0.9 400 0
0.3 0.9 450 0
0.3 0.9 500 0
0.3 0.9 550 0
0.3 0.9 600 0
0.3 0.9 650 0
0.3 0.9 700 0
0.3 0.9 750 0
0.3 0.9 800 0
0.3 0.9 850 0
0.3 0.9 900 0
0.3 0.9 950 0
0.3 1 50 0
0.3 1 100 0
0.3 1 150 0
0.3 1 200 0
0.3 1 250 0
0.3 1 300 0
0.3 1 350 0
0.3 1 400 0
0.3 1 450 0
0.3 1 500 0
0.3 1 550 0
0.3 1 600 0
0.3 1 650 0
0.3 1 700 0
0.3 1 750 0
0.3 1 800 0
0.3 1 850 0
0.3 1 900 0
0.3 1 950 0
0.4 0.1 50 0
0.4 0.1 100 0
0.4 0.1 150 0
0.4 0.1 200 0
0.4 0.1 250 0
0.4 0.1 300 0
0.4 0.1 350 0
0.4 0.1 400 0
0.4 0.1 450 0
0.4 0.1 500 0
0.4 0.1 550 0
0.4 0.1 600 0
0.4 0.1 650 0
0.4 0.1 700 0
0.4 0.1 750 0
0.4 0.1 800 0
0.4 0.1 850 0
0.4 0.1 900 0
0.4 0.1 950 0
0.4 0.2 50 0
0.4 0.2 100 0
0.4 0.2 150 0
0.4 0.2 200 0
0.4 0.2 250 0
0.4 0.2 300 0
0.4 0.2 350 0
0.4 0.2 400 0
0.4 0.2 450 0
0.4 0.2 500 0
0.4 0.2 550 0
0.4 0.2 600 0
0.4 0.2 650 0
0.4 0.2 700 0
0.4 0.2 750 0
0.4 0.2 800 0
0.4 0.2 850 0
0.4 0.2 900 0
0.4 0.2 950 0
0.4 0.3 50 0
0.4 0.3 100 0
0.4 0.3 150 0
0.4 0.3 200 0
0.4 0.3 250 0
0.4 0.3 300 0
0.4 0.3 350 0
0.4 0.3 400 0
0.4 0.3 450 0
0.4 0.3 500 0
0.4 0.3 550 0
0.4 0.3 600 0
0.4 0.3 650 0
0.4 0.3 700 0
0.4 0.3 750 0
0.4 0.3 800 0
0.4 0.3 850 0
0.4 0.3 900 0
0.4 0.3 950 0
0.4 0.4 50 0
0.4 0.4 100 0
0.4 0.4 150 0
0.4 0.4 200 0
0.4 0.4 250 0
0.4 0.4 300 0
0.4 0.4 350 0
0.4 0.4 400 0
0.4 0.4 450 0
0.4 0.4 500 0
0.4 0.4 550 0
0.4 0.4 600 0
0.4 0.4 650 0
0.4 0.4 700 0
0.4 0.4 750 0
0.4 0.4 800 0
0.4 0.4 850 0
0.4 0.4 900 0
0.4 0.4 950 0
0.4 0.5 50 0
0.4 0.5 100 0
0.4 0.5 150 0
0.4 0.5 200 0
0.4 0.5 250 0
0.4 0.5 300 0
0.4 0.5 350 0
0.4 0.5 400 0
0.4 0.5 450 0
0.4 0.5 500 0
0.4 0.5 550 0
0.4 0.5 600 0
0.4 0.5 650 0
0.4 0.5 700 0
0.4 0.5 750 0
0.4 0.5 800 0
0.4 0.5 850 0
0.4 0.5 900 0
0.4 0.5 950 0
0.4 0.6 50 0
0.4 0.6 100 0
0.4 0.6 150 0
0.4 0.6 200 0
0.4 0.6 250 0
0.4 0.6 300 0
0.4 0.6 350 0
0.4 0.6 400 0
0.4 0.6 450 0
0.4 0.6 500 0
0.4 0.6 550 0
0.4 0.6 600 0
0.4 0.6 650 0
0.4 0.6 700 0
0.4 0.6 750 0
0.4 0.6 800 0
0.4 0.6 850 0
0.4 0.6 900 0
0.4 0.6 950 0
0.4 0.7 50 0
0.4 0.7 100 0
0.4 0.7 150 0
0.4 0.7 200 0
0.4 0.7 250 0
0.4 0.7 300 0
0.4 0.7 350 0
0.4 0.7 400 0
0.4 0.7 450 0
0.4 0.7 500 0
0.4 0.7 550 0
0.4 0.7 600 0
0.4 0.7 650 0
0.4 0.7 700 0
0.4 0.7 750 0
0.4 0.7 800 0
0.4 0.7 850 0
0.4 0.7 900 0
0.4 0.7 950 0
0.4 0.8 50 0
0.4 0.8 100 0
0.4 0.8 150 0
0.4 0.8 200 0
0.4 0.8 250 0
0.4 0.8 300 0
0.4 0.8 350 0
0.4 0.8 400 0
0.4 0.8 450 0
0.4 0.8 500 0
0.4 0.8 550 0
0.4 0.8 600 0
0.4 0.8 650 0
0.4 0.8 700 0
0.4 0.8 750 0
0.4 0.8 800 0
0.4 0.8 850 0
0.4 0.8 900 0
0.4 0.8 950 0
0.4 0.9 50 0
0.4 0.9 100 0
0.4 0.9 150 0
0.4 0.9 200 0
0.4 0.9 250 0
0.4 0.9 300 0
0.4 0.9 350 0
0.4 0.9 400 0
0.4 0.9 450 0
0.4 0.9 500 0
0.4 0.9 550 0
0.4 0.9 600 0
0.4 0.9 650 0
0.4 0.9 700 0
0.4 0.9 750 0
0.4 0.9 800 0
0.4 0.9 850 0
0.4 0.9 900 0
0.4 0.9 950 0
0.4 1 50 0
0.4 1 100 0
0.4 1 150 0
0.4 1 200 0
0.4 1 250 0
0.4 1 300 0
0.4 1 350 0
0.4 1 400 0
0.4 1 450 0
0.4 1 500 0
0.4 1 550 0
0.4 1 600 0
0.4 1 650 0
0.4 1 700 0
0.4 1 750 0
0.4 1 800 0
0.4 1 850 0
0.4 1 900 0
0.4 1 950 0
0.5 0.1 50 0
0.5 0.1 100 0
0.5 0.1 150 0
0.5 0.1 200 0
0.5 0.1 250 0
0.5 0.1 300 0
0.5 0.1 350 0
0.5 0.1 400 0
0.5 0.1 450 0
0.5 0.1 500 0
0.5 0.1 550 0
0.5 0.1 600 0
0.5 0.1 650 0
0.5 0.1 700 0
0.5 0.1 750 0
0.5 0.1 800 0
0.5 0.1 850 0
0.5 0.1 900 0
0.5 0.1 950 0
0.5 0.2 50 0
0.5 0.2 100 0
0.5 0.2 150 0
0.5 0.2 200 0
0.5 0.2 250 0
0.5 0.2 300 0
0.5 0.2 350 0
0.5 0.2 400 0
0.5 0.2 450 0
0.5 0.2 500 0
0.5 0.2 550 0
0.5 0.2 600 0
0.5 0.2 650 0
0.5 0.2 700 0
0.5 0.2 750 0
0.5 0.2 800 0
0.5 0.2 850 0
0.5 0.2 900 0
0.5 0.2 950 0
0.5 0.3 50 0
0.5 0.3 100 0
0.5 0.3 150 0
0.5 0.3 200 0
0.5 0.3 250 0
0.5 0.3 300 0
0.5 0.3 350 0
0.5 0.3 400 0
0.5 0.3 450 0
0.5 0.3 500 0
0.5 0.3 550 0
0.5 0.3 600 0
0.5 0.3 650 0
0.5 0.3 700 0
0.5 0.3 750 0
0.5 0.3 800 0
0.5 0.3 850 0
0.5 0.3 900 0
0.5 0.3 950 0
0.5 0.4 50 0
0.5 0.4 100 0
0.5 0.4 150 0
0.5 0.4 200 0
0.5 0.4 250 0
0.5 0.4 300 0
0.5 0.4 350 0
0.5 0.4 400 0
0.5 0.4 450 0
0.5 0.4 500 0
0.5 0.4 550 0
0.5 0.4 600 0
0.5 0.4 650 0
0.5 0.4 700 0
0.5 0.4 750 0
0.5 0.4 800 0
0.5 0.4 850 0
0.5 0.4 900 0
0.5 0.4 950 0
0.5 0.5 50 0
0.5 0.5 100 0
0.5 0.5 150 0
0.5 0.5 200 0
0.5 0.5 250 0
0.5 0.5 300 0
0.5 0.5 350 0
0.5 0.5 400 0
0.5 0.5 450 0
0.5 0.5 500 0
0.5 0.5 550 0
0.5 0.5 600 0
0.5 0.5 650 0
0.5 0.5 700 0
0.5 0.5 750 0
0.5 0.5 800 0
0.5 0.5 850 0
0.5 0.5 900 0
0.5 0.5 950 0
0.5 0.6 50 0
0.5 0.6 100 0
0.5 0.6 150 0
0.5 0.6 200 0
0.5 0.6 250 0
0.5 0.6 300 0
0.5 0.6 350 0
0.5 0.6 400 0
0.5 0.6 450 0
0.5 0.6 500 0
0.5 0.6 550 0
0.5 0.6 600 0
0.5 0.6 650 0
0.5 0.6 700 0
0.5 0.6 750 0
0.5 0.6 800 0
0.5 0.6 850 0
0.5 0.6 900 0
0.5 0.6 950 0
0.5 0.7 50 0
0.5 0.7 100 0
0.5 0.7 150 0
0.5 0.7 200 0
0.5 0.7 250 0
0.5 0.7 300 0
0.5 0.7 350 0
0.5 0.7 400 0
0.5 0.7 450 0
0.5 0.7 500 0
0.5 0.7 550 0
0.5 0.7 600 0
0.5 0.7 650 0
0.5 0.7 700 0
0.5 0.7 750 0
0.5 0.7 800 0
0.5 0.7 850 0
0.5 0.7 900 0
0.5 0.7 950 0
0.5 0.8 50 0
0.5 0.8 100 0
0.5 0.8 150 0
0.5 0.8 200 0
0.5 0.8 250 0
0.5 0.8 300 0
0.5 0.8 350 0
0.5 0.8 400 0
0.5 0.8 450 0
0.5 0.8 500 0
0.5 0.8 550 0
0.5 0.8 600 0
0.5 0.8 650 0
0.5 0.8 700 0
0.5 0.8 750 0
0.5 0.8 800 0
0.5 0.8 850 0
0.5 0.8 900 0
0.5 0.8 950 0
0.5 0.9 50 0
0.5 0.9 100 0
0.5 0.9 150 0
0.5 0.9 200 0
0.5 0.9 250 0
0.5 0.9 300 0
0.5 0.9 350 0
0.5 0.9 400 0
0.5 0.9 450 0
0.5 0.9 500 0
0.5 0.9 550 0
0.5 0.9 600 0
0.5 0.9 650 0
0.5 0.9 700 0
0.5 0.9 750 0
0.5 0.9 800 0
0.5 0.9 850 0
0.5 0.9 900 0
0.5 0.9 950 0
0.5 1 50 0
0.5 1 100 0
0.5 1 150 0
0.5 1 200 0
0.5 1 250 0
0.5 1 300 0
0.5 1 350 0
0.5 1 400 0
0.5 1 450 0
0.5 1 500 0
0.5 1 550 0
0.5 1 600 0
0.5 1 650 0
0.5 1 700 0
0.5 1 750 0
0.5 1 800 0
0.5 1 850 0
0.5 1 900 0
0.5 1 950 0
0.6 0.1 50 0
0.6 0.1 100 0
0.6 0.1 150 0
0.6 0.1 200 0
0.6 0.1 250 0
0.6 0.1 300 0
0.6 0.1 350 0
0.6 0.1 400 0
0.6 0.1 450 0
0.6 0.1 500 0
0.6 0.1 550 0
0.6 0.1 600 0
0.6 0.1 650 0
0.6 0.1 700 0
0.6 0.1 750 0
0.6 0.1 800 0
0.6 0.1 850 0
0.6 0.1 900 0
0.6 0.1 950 0
0.6 0.2 50 0
0.6 0.2 100 0
0.6 0.2 150 0
0.6 0.2 200 0
0.6 0.2 250 0
0.6 0.2 300 0
0.6 0.2 350 0
0.6 0.2 400 0
0.6 0.2 450 0
0.6 0.2 500 0
0.6 0.2 550 0
0.6 0.2 600 0
0.6 0.2 650 0
0.6 0.2 700 0
0.6 0.2 750 0
0.6 0.2 800 0
0.6 0.2 850 0
0.6 0.2 900 0
0.6 0.2 950 0
0.6 0.3 50 0
0.6 0.3 100 0
0.6 0.3 150 0
0.6 0.3 200 0
0.6 0.3 250 0
0.6 0.3 300 0
0.6 0.3 350 0
0.6 0.3 400 0
0.6 0.3 450 0
0.6 0.3 500 0
0.6 0.3 550 0
0.6 0.3 600 0
0.6 0.3 650 0
0.6 0.3 700 0
0.6 0.3 750 0
0.6 0.3 800 0
0.6 0.3 850 0
0.6 0.3 900 0
0.6 0.3 950 0
0.6 0.4 50 0
0.6 0.4 100 0
0.6 0.4 150 0
0.6 0.4 200 0
0.6 0.4 250 0
0.6 0.4 300 0
0.6 0.4 350 0
0.6 0.4 400 0
0.6 0.4 450 0
0.6 0.4 500 0
0.6 0.4 550 0
0.6 0.4 600 0
0.6 0.4 650 0
0.6 0.4 700 0
0.6 0.4 750 0
0.6 0.4 800 0
0.6 0.4 850 0
0.6 0.4 900 0
0.6 0.4 950 0
0.6 0.5 50 0
0.6 0.5 100 0
0.6 0.5 150 0
0.6 0.5 200 0
0.6 0.5 250 0
0.6 0.5 300 0
0.6 0.5 350 0
0.6 0.5 400 0
0.6 0.5 450 0
0.6 0.5 500 0
0.6 0.5 550 0
0.6 0.5 600 0
0.6 0.5 650 0
0.6 0.5 700 0
0.6 0.5 750 0
0.6 0.5 800 0
0.6 0.5 850 0
0.6 0.5 900 0
0.6 0.5 950 0
0.6 0.6 50 0
0.6 0.6 100 0
0.6 0.6 150 0
0.6 0.6 200 0
0.6 0.6 250 0
0.6 0.6 300 0
0.6 0.6 350 0
0.6 0.6 400 0
0.6 0.6 450 0
0.6 0.6 500 0
0.6 0.6 550 0
0.6 0.6 600 0
0.6 0.6 650 0
0.6 0.6 700 0
0.6 0.6 750 0
0.6 0.6 800 0
0.6 0.6 850 0
0.6 0.6 900 0
0.6 0.6 950 0
0.6 0.7 50 0
0.6 0.7 100 0
0.6 0.7 150 0
0.6 0.7 200 0
0.6 0.7 250 0
0.6 0.7 300 0
0.6 0.7 350 0
0.6 0.7 400 0
0.6 0.7 450 0
0.6 0.7 500 0
0.6 0.7 550 0
0.6 0.7 600 0
0.6 0.7 650 0
0.6 0.7 700 0
0.6 0.7 750 0
0.6 0.7 800 0
0.6 0.7 850 0
0.6 0.7 900 0
0.6 0.7 950 0
0.6 0.8 50 0
0.6 0.8 100 0
0.6 0.8 150 0
0.6 0.8 200 0
0.6 0.8 250 0
0.6 0.8 300 0
0.6 0.8 350 0
0.6 0.8 400 0
0.6 0.8 450 0
0.6 0.8 500 0
0.6 0.8 550 0
0.6 0.8 600 0
0.6 0.8 650 0
0.6 0.8 700 0
0.6 0.8 750 0
0.6 0.8 800 0
0.6 0.8 850 0
0.6 0.8 900 0
0.6 0.8 950 0
0.6 0.9 50 0
0.6 0.9 100 0
0.6 0.9 150 0
0.6 0.9 200 0
0.6 0.9 250 0
0.6 0.9 300 0
0.6 0.9 350 0
0.6 0.9 400 0
0.6 0.9 450 0
0.6 0.9 500 0
0.6 0.9 550 0
0.6 0.9 600 0
0.6 0.9 650 0
0.6 0.9 700 0
0.6 0.9 750 0
0.6 0.9 800 0
0.6 0.9 850 0
0.6 0.9 900 0
0.6 0.9 950 0
0.6 1 50 0
0.6 1 100 0
0.6 1 150 0
0.6 1 200 0
0.6 1 250 0
0.6 1 300 0
0.6 1 350 0
0.6 1 400 0
0.6 1 450 0
0.6 1 500 0
0.6 1 550 0
0.6 1 600 0
0.6 1 650 0
0.6 1 700 0
0.6 1 750 0
0.6 1 800 0
0.6 1 850 0
0.6 1 900 0
0.6 1 950 0
0.7 0.1 50 0
0.7 0.1 100 0
0.7 0.1 150 0
0.7 0.1 200 0
0.7 0.1 250 0
0.7 0.1 300 0
0.7 0.1 350 0
0.7 0.1 400 0
0.7 0.1 450 0
0.7 0.1 500 0
0.7 0.1 550 0
0.7 0.1 600 0
0.7 0.1 650 0
0.7 0.1 700 0
0.7 0.1 750 0
0.7 0.1 800 0
0.7 0.1 850 0
0.7 0.1 900 0
0.7 0.1 950 0
0.7 0.2 50 0
0.7 0.2 100 0
0.7 0.2 150 0
0.7 0.2 200 0
0.7 0.2 250 0
0.7 0.2 300 0
0.7 0.2 350 0
0.7 0.2 400 0
0.7 0.2 450 0
0.7 0.2 500 0
0.7 0.2 550 0
0.7 0.2 600 0
0.7 0.2 650 0
0.7 0.2 700 0
0.7 0.2 750 0
0.7 0.2 800 0
0.7 0.2 850 0
0.7 0.2 900 0
0.7 0.2 950 0
0.7 0.3 50 0
0.7 0.3 100 0
0.7 0.3 150 0
0.7 0.3 200 0
0.7 0.3 250 0
0.7 0.3 300 0
0.7 0.3 350 0
0.7 0.3 400 0
0.7 0.3 450 0
0.7 0.3 500 0
0.7 0.3 550 0
0.7 0.3 600 0
0.7 0.3 650 0
0.7 0.3 700 0
0.7 0.3 750 0
0.7 0.3 800 0
0.7 0.3 850 0
0.7 0.3 900 0
0.7 0.3 950 0
0.7 0.4 50 0
0.7 0.4 100 0
0.7 0.4 150 0
0.7 0.4 200 0
0.7 0.4 250 0
0.7 0.4 300 0
0.7 0.4 350 0
0.7 0.4 400 0
0.7 0.4 450 0
0.7 0.4 500 0
0.7 0.4 550 0
0.7 0.4 600 0
0.7 0.4 650 0
0.7 0.4 700 0
0.7 0.4 750 0
0.7 0.4 800 0
0.7 0.4 850 0
0.7 0.4 900 0
0.7 0.4 950 0
0.7 0.5 50 0
0.7 0.5 100 0
0.7 0.5 150 0
0.7 0.5 200 0
0.7 0.5 250 0
0.7 0.5 300 0
0.7 0.5 350 0
0.7 0.5 400 0
0.7 0.5 450 0
0.7 0.5 500 0
0.7 0.5 550 0
0.7 0.5 600 0
0.7 0.5 650 0
0.7 0.5 700 0
0.7 0.5 750 0
0.7 0.5 800 0
0.7 0.5 850 0
0.7 0.5 900 0
0.7 0.5 950 0
0.7 0.6 50 0
0.7 0.6 100 0
0.7 0.6 150 0
0.7 0.6 200 0
0.7 0.6 250 0
0.7 0.6 300 0
0.7 0.6 350 0
0.7 0.6 400 0
0.7 0.6 450 0
0.7 0.6 500 0
0.7 0.6 550 0
0.7 0.6 600 0
0.7 0.6 650 0
0.7 0.6 700 0
0.7 0.6 750 0
0.7 0.6 800 0
0.7 0.6 850 0
0.7 0.6 900 0
0.7 0.6 950 0
0.7 0.7 50 0
0.7 0.7 100 0
0.7 0.7 150 0
0.7 0.7 200 0
0.7 0.7 250 0
0.7 0.7 300 0
0.7 0.7 350 0
0.7 0.7 400 0
0.7 0.7 450 0
0.7 0.7 500 0
0.7 0.7 550 0
0.7 0.7 600 0
0.7 0.7 650 0
0.7 0.7 700 0
0.7 0.7 750 0
0.7 0.7 800 0
0.7 0.7 850 0
0.7 0.7 900 0
0.7 0.7 950 0
0.7 0.8 50 0
0.7 0.8 100 0
0.7 0.8 150 0
0.7 0.8 200 0
0.7 0.8 250 0
0.7 0.8 300 0
0.7 0.8 350 0
0.7 0.8 400 0
0.7 0.8 450 0
0.7 0.8 500 0
0.7 0.8 550 0
0.7 0.8 600 0
0.7 0.8 650 0
0.7 0.8 700 0
0.7 0.8 750 0
0.7 0.8 800 0
0.7 0.8 850 0
0.7 0.8 900 0
0.7 0.8 950 0
0.7 0.9 50 0
0.7 0.9 100 0
0.7 0.9 150 0
0.7 0.9 200 0
0.7 0.9 250 0
0.7 0.9 300 0
0.7 0.9 350 0
0.7 0.9 400 0
0.7 0.9 450 0
0.7 0.9 500 0
0.7 0.9 550 0
0.7 0.9 600 0
0.7 0.9 650 0
0.7 0.9 700 0
0.7 0.9 750 0
0.7 0.9 800 0
0.7 0.9 850 0
0.7 0.9 900 0
0.7 0.9 950 0
0.7 1 50 0
0.7 1 100 0
0.7 1 150 0
0.7 1 200 0
0.7 1 250 0
0.7 1 300 0
0.7 1 350 0
0.7 1 400 0
0.7 1 450 0
0.7 1 500 0
0.7 1 550 0
0.7 1 600 0
0.7 1 650 0
0.7 1 700 0
0.7 1 750 0
0.7 1 800 0
0.7 1 850 0
0.7 1 900 0
0.7 1 950 0
0.8 0.1 50 0
0.8 0.1 100 0
0.8 0.1 150 0
0.8 0.1 200 0
0.8 0.1 250 0
0.8 0.1 300 0
0.8 0.1 350 0
0.8 0.1 400 0
0.8 0.1 450 0
0.8 0.1 500 0
0.8 0.1 550 0
0.8 0.1 600 0
0.8 0.1 650 0
0.8 0.1 700 0
0.8 0.1 750 0
0.8 0.1 800 0
0.8 0.1 850 0
0.8 0.1 900 0
0.8 0.1 950 0
0.8 0.2 50 0
0.8 0.2 100 0
0.8 0.2 150 0
0.8 0.2 200 0
0.8 0.2 250 0
0.8 0.2 300 0
0.8 0.2 350 0
0.8 0.2 400 0
0.8 0.2 450 0
0.8 0.2 500 0
0.8 0.2 550 0
0.8 0.2 600 0
0.8 0.2 650 0
0.8 0.2 700 0
0.8 0.2 750 0
0.8 0.2 800 0
0.8 0.2 850 0
0.8 0.2 900 0
0.8 0.2 950 0
0.8 0.3 50 0
0.8 0.3 100 0
0.8 0.3 150 0
0.8 0.3 200 0
0.8 0.3 250 0
0.8 0.3 300 0
0.8 0.3 350 0
0.8 0.3 400 0
0.8 0.3 450 0
0.8 0.3 500 0
0.8 0.3 550 0
0.8 0.3 600 0
0.8 0.3 650 0
0.8 0.3 700 0
0.8 0.3 750 0
0.8 0.3 800 0
0.8 0.3 850 0
0.8 0.3 900 0
0.8 0.3 950 0
0.8 0.4 50 0
0.8 0.4 100 0
0.8 0.4 150 0
0.8 0.4 200 0
0.8 0.4 250 0
0.8 0.4 300 0
0.8 0.4 350 0
0.8 0.4 400 0
0.8 0.4 450 0
0.8 0.4 500 0
0.8 0.4 550 0
0.8 0.4 600 0
0.8 0.4 650 0
0.8 0.4 700 0
0.8 0.4 750 0
0.8 0.4 800 0
0.8 0.4 850 0
0.8 0.4 900 0
0.8 0.4 950 0
0.8 0.5 50 0
0.8 0.5 100 0
0.8 0.5 150 0
0.8 0.5 200 0
0.8 0.5 250 0
0.8 0.5 300 0
0.8 0.5 350 0
0.8 0.5 400 0
0.8 0.5 450 0
0.8 0.5 500 0
0.8 0.5 550 0
0.8 0.5 600 0
0.8 0.5 650 0
0.8 0.5 700 0
0.8 0.5 750 0
0.8 0.5 800 0
0.8 0.5 850 0
0.8 0.5 900 0
0.8 0.5 950 0
0.8 0.6 50 0
0.8 0.6 100 0
0.8 0.6 150 0
0.8 0.6 200 0
0.8 0.6 250 0
0.8 0.6 300 0
0.8 0.6 350 0
0.8 0.6 400 0
0.8 0.6 450 0
0.8 0.6 500 0
0.8 0.6 550 0
0.8 0.6 600 0
0.8 0.6 650 0
0.8 0.6 700 0
0.8 0.6 750 0
0.8 0.6 800 0
0.8 0.6 850 0
0.8 0.6 900 0
0.8 0.6 950 0
0.8 0.7 50 0
0.8 0.7 100 0
0.8 0.7 150 0
0.8 0.7 200 0
0.8 0.7 250 0
0.8 0.7 300 0
0.8 0.7 350 0
0.8 0.7 400 0
0.8 0.7 450 0
0.8 0.7 500 0
0.8 0.7 550 0
0.8 0.7 600 0
0.8 0.7 650 0
0.8 0.7 700 0
0.8 0.7 750 0
0.8 0.7 800 0
0.8 0.7 850 0
0.8 0.7 900 0
0.8 0.7 950 0
0.8 0.8 50 0
0.8 0.8 100 0
0.8 0.8 150 0
0.8 0.8 200 0
0.8 0.8 250 0
0.8 0.8 300 0
0.8 0.8 350 0
0.8 0.8 400 0
0.8 0.8 450 0
0.8 0.8 500 0
0.8 0.8 550 0
0.8 0.8 600 0
0.8 0.8 650 0
0.8 0.8 700 0
0.8 0.8 750 0
0.8 0.8 800 0
0.8 0.8 850 0
0.8 0.8 900 0
0.8 0.8 950 0
0.8 0.9 50 0
0.8 0.9 100 0
0.8 0.9 150 0
0.8 0.9 200 0
0.8 0.9 250 0
0.8 0.9 300 0
0.8 0.9 350 0
0.8 0.9 400 0
0.8 0.9 450 0
0.8 0.9 500 0
0.8 0.9 550 0
0.8 0.9 600 0
0.8 0.9 650 0
0.8 0.9 700 0
0.8 0.9 750 0
0.8 0.9 800 0
0.8 0.9 850 0
0.8 0.9 900 0
0.8 0.9 950 0
0.8 1 50 0
0.8 1 100 0
0.8 1 150 0
0.8 1 200 0
0.8 1 250 0
0.8 1 300 0
0.8 1 350 0
0.8 1 400 0
0.8 1 450 0
0.8 1 500 0
0.8 1 550 0
0.8 1 600 0
0.8 1 650 0
0.8 1 700 0
0.8 1 750 0
0.8 1 800 0
0.8 1 850 0
0.8 1 900 0
0.8 1 950 0
0.9 0.1 50 0
0.9 0.1 100 0
0.9 0.1 150 0
0.9 0.1 200 0
0.9 0.1 250 0
0.9 0.1 300 0
0.9 0.1 350 0
0.9 0.1 400 0
0.9 0.1 450 0
0.9 0.1 500 0
0.9 0.1 550 0
0.9 0.1 600 0
0.9 0.1 650 0
0.9 0.1 700 0
0.9 0.1 750 0
0.9 0.1 800 0
0.9 0.1 850 0
0.9 0.1 900 0
0.9 0.1 950 0
0.9 0.2 50 0
0.9 0.2 100 0
0.9 0.2 150 0
0.9 0.2 200 0
0.9 0.2 250 0
0.9 0.2 300 0
0.9 0.2 350 0
0.9 0.2 400 0
0.9 0.2 450 0
0.9 0.2 500 0
0.9 0.2 550 0
0.9 0.2 600 0
0.9 0.2 650 0
0.9 0.2 700 0
0.9 0.2 750 0
0.9 0.2 800 0
0.9 0.2 850 0
0.9 0.2 900 0
0.9 0.2 950 0
0.9 0.3 50 0
0.9 0.3 100 0
0.9 0.3 150 0
0.9 0.3 200 0
0.9 0.3 250 0
0.9 0.3 300 0
0.9 0.3 350 0
0.9 0.3 400 0
0.9 0.3 450 0
0.9 0.3 500 0
0.9 0.3 550 0
0.9 0.3 600 0
0.9 0.3 650 0
0.9 0.3 700 0
0.9 0.3 750 0
0.9 0.3 800 0
0.9 0.3 850 0
0.9 0.3 900 0
0.9 0.3 950 0
0.9 0.4 50 0
0.9 0.4 100 0
0.9 0.4 150 0
0.9 0.4 200 0
0.9 0.4 250 0
0.9 0.4 300 0
0.9 0.4 350 0
0.9 0.4 400 0
0.9 0.4 450 0
0.9 0.4 500 0
0.9 0.4 550 0
0.9 0.4 600 0
0.9 0.4 650 0
0.9 0.4 700 0
0.9 0.4 750 0
0.9 0.4 800 0
0.9 0.4 850 0
0.9 0.4 900 0
0.9 0.4 950 0
0.9 0.5 50 0
0.9 0.5 100 0
0.9 0.5 150 0
0.9 0.5 200 0
0.9 0.5 250 0
0.9 0.5 300 0
0.9 0.5 350 0
0.9 0.5 400 0
0.9 0.5 450 0
0.9 0.5 500 0
0.9 0.5 550 0
0.9 0.5 600 0
0.9 0.5 650 0
0.9 0.5 700 0
0.9 0.5 750 0
0.9 0.5 800 0
0.9 0.5 850 0
0.9 0.5 900 0
0.9 0.5 950 0
0.9 0.6 50 0
0.9 0.6 100 0
0.9 0.6 150 0
0.9 0.6 200 0
0.9 0.6 250 0
0.9 0.6 300 0
0.9 0.6 350 0
0.9 0.6 400 0
0.9 0.6 450 0
0.9 0.6 500 0
0.9 0.6 550 0
0.9 0.6 600 0
0.9 0.6 650 0
0.9 0.6 700 0
0.9 0.6 750 0
0.9 0.6 800 0
0.9 0.6 850 0
0.9 0.6 900 0
0.9 0.6 950 0
0.9 0.7 50 0
0.9 0.7 100 0
0.9 0.7 150 0
0.9 0.7 200 0
0.9 0.7 250 0
0.9 0.7 300 0
0.9 0.7 350 0
0.9 0.7 400 0
0.9 0.7 450 0
0.9 0.7 500 0
0.9 0.7 550 0
0.9 0.7 600 0
0.9 0.7 650 0
0.9 0.7 700 0
0.9 0.7 750 0
0.9 0.7 800 0
0.9 0.7 850 0
0.9 0.7 900 0
0.9 0.7 950 0
0.9 0.8 50 0
0.9 0.8 100 0
0.9 0.8 150 0
0.9 0.8 200 0
0.9 0.8 250 0
0.9 0.8 300 0
0.9 0.8 350 0
0.9 0.8 400 0
0.9 0.8 450 0
0.9 0.8 500 0
0.9 0.8 550 0
0.9 0.8 600 0
0.9 0.8 650 0
0.9 0.8 700 0
0.9 0.8 750 0
0.9 0.8 800 0
0.9 0.8 850 0
0.9 0.8 900 0
0.9 0.8 950 0
0.9 0.9 50 0
0.9 0.9 100 0
0.9 0.9 150 0
0.9 0.9 200 0
0.9 0.9 250 0
0.9 0.9 300 0
0.9 0.9 350 0
0.9 0.9 400 0
0.9 0.9 450 0
0.9 0.9 500 0
0.9 0.9 550 0
0.9 0.9 600 0
0.9 0.9 650 0
0.9 0.9 700 0
0.9 0.9 750 0
0.9 0.9 800 0
0.9 0.9 850 0
0.9 0.9 900 0
0.9 0.9 950 0
0.9 1 50 0
0.9 1 100 0
0.9 1 150 0
0.9 1 200 0
0.9 1 250 0
0.9 1 300 0
0.9 1 350 0
0.9 1 400 0
0.9 1 450 0
0.9 1 500 0
0.9 1 550 0
0.9 1 600 0
0.9 1 650 0
0.9 1 700 0
0.9 1 750 0
0.9 1 800 0
0.9 1 850 0
0.9 1 900 0
0.9 1 950 0
1 0.1 50 0
1 0.1 100 0
1 0.1 150 0
1 0.1 200 0
1 0.1 250 0
1 0.1 300 0
1 0.1 350 0
1 0.1 400 0
1 0.1 450 0
1 0.1 500 0
1 0.1 550 0
1 0.1 600 0
1 0.1 650 0
1 0.1 700 0
1 0.1 750 0
1 0.1 800 0
1 0.1 850 0
1 0.1 900 0
1 0.1 950 0
1 0.2 50 0
1 0.2 100 0
1 0.2 150 0
1 0.2 200 0
1 0.2 250 0
1 0.2 300 0
1 0.2 350 0
1 0.2 400 0
1 0.2 450 0
1 0.2 500 0
1 0.2 550 0
1 0.2 600 0
1 0.2 650 0
1 0.2 700 0
1 0.2 750 0
1 0.2 800 0
1 0.2 850 0
1 0.2 900 0
1 0.2 950 0
1 0.3 50 0
1 0.3 100 0
1 0.3 150 0
1 0.3 200 0
1 0.3 250 0
1 0.3 300 0
1 0.3 350 0
1 0.3 400 0
1 0.3 450 0
1 0.3 500 0
1 0.3 550 0
1 0.3 600 0
1 0.3 650 0
1 0.3 700 0
1 0.3 750 0
1 0.3 800 0
1 0.3 850 0
1 0.3 900 0
1 0.3 950 0
1 0.4 50 0
1 0.4 100 0
1 0.4 150 0
1 0.4 200 0
1 0.4 250 0
1 0.4 300 0
1 0.4 350 0
1 0.4 400 0
1 0.4 450 0
1 0.4 500 0
1 0.4 550 0
1 0.4 600 0
1 0.4 650 0
1 0.4 700 0
1 0.4 750 0
1 0.4 800 0
1 0.4 850 0
1 0.4 900 0
1 0.4 950 0
1 0.5 50 0
1 0.5 100 0
1 0.5 150 0
1 0.5 200 0
1 0.5 250 0
1 0.5 300 0
1 0.5 350 0
1 0.5 400 0
1 0.5 450 0
1 0.5 500 0
1 0.5 550 0
1 0.5 600 0
1 0.5 650 0
1 0.5 700 0
1 0.5 750 0
1 0.5 800 0
1 0.5 850 0
1 0.5 900 0
1 0.5 950 0
1 0.6 50 0
1 0.6 100 0
1 0.6 150 0
1 0.6 200 0
1 0.6 250 0
1 0.6 300 0
1 0.6 350 0
1 0.6 400 0
1 0.6 450 0
1 0.6 500 0
1 0.6 550 0
1 0.6 600 0
1 0.6 650 0
1 0.6 700 0
1 0.6 750 0
1 0.6 800 0
1 0.6 850 0
1 0.6 900 0
1 0.6 950 0
1 0.7 50 0
1 0.7 100 0
1 0.7 150 0
1 0.7 200 0
1 0.7 250 0
1 0.7 300 0
1 0.7 350 0
1 0.7 400 0
1 0.7 450 0
1 0.7 500 0
1 0.7 550 0
1 0.7 600 0
1 0.7 650 0
1 0.7 700 0
1 0.7 750 0
1 0.7 800 0
1 0.7 850 0
1 0.7 900 0
1 0.7 950 0
1 0.8 50 0
1 0.8 100 0
1 0.8 150 0
1 0.8 200 0
1 0.8 250 0
1 0.8 300 0
1 0.8 350 0
1 0.8 400 0
1 0.8 450 0
1 0.8 500 0
1 0.8 550 0
1 0.8 600 0
1 0.8 650 0
1 0.8 700 0
1 0.8 750 0
1 0.8 800 0
1 0.8 850 0
1 0.8 900 0
1 0.8 950 0
1 0.9 50 0
1 0.9 100 0
1 0.9 150 0
1 0.9 200 0
1 0.9 250 0
1 0.9 300 0
1 0.9 350 0
1 0.9 400 0
1 0.9 450 0
1 0.9 500 0
1 0.9 550 0
1 0.9 600 0
1 0.9 650 0
1 0.9 700 0
1 0.9 750 0
1 0.9 800 0
1 0.9 850 0
1 0.9 900 0
1 0.9 950 0
1 1 50 0
1 1 100 0
1 1 150 0
1 1 200 0
1 1 250 0
1 1 300 0
1 1 350 0
1 1 400 0
1 1 450 0
1 1 500 0
1 1 550 0
1 1 600 0
1 1 650 0
1 1 700 0
1 1 750 0
1 1 800 0
1 1 850 0
1 1 900 0
1 1 950 0
