Matrix dist = {
    { 0, 10, 10, 80, 20, 50, 90, 30, 70, 70 },
    { 20, 0, 10, 70, 80, 50, 60, 10, 10, 40 },
    { 70, 40, 0, 60, 80, 80, 60, 70, 80, 90 },
    { 60, 10, 10, 0, 40, 50, 10, 60, 10, 30 },
    { 20, 50, 20, 40, 0, 20, 10, 70, 20, 80 },
    { 40, 10, 90, 10, 10, 0, 60, 90, 70, 50 },
    { 40, 50, 50, 60, 50, 80, 0, 40, 60, 20 },
    { 10, 90, 20, 50, 30, 60, 10, 0, 20, 80 },
    { 10, 80, 80, 40, 80, 20, 10, 50, 0, 60 },
    { 30, 40, 10, 60, 90, 50, 10, 10, 10, 0 }
};

Matrix dist = {
    { 0, 70, 70, 60, 80, 20, 80, 60, 50, 70 },
    { 30, 0, 10, 90, 90, 40, 90, 30, 70, 40 },
    { 10, 80, 0, 20, 10, 40, 50, 40, 90, 90 },
    { 40, 80, 10, 0, 80, 20, 30, 20, 70, 50 },
    { 70, 50, 10, 90, 0, 50, 40, 20, 10, 90 },
    { 10, 50, 70, 40, 20, 0, 70, 50, 20, 60 },
    { 50, 40, 80, 80, 40, 20, 0, 10, 10, 40 },
    { 90, 20, 40, 80, 50, 70, 50, 0, 10, 60 },
    { 70, 10, 30, 50, 40, 10, 90, 10, 0, 60 },
    { 10, 40, 80, 80, 80, 10, 40, 90, 10, 0 }
};

Matrix dist = {
    { 0, 40, 90, 10, 10, 50, 30, 40, 50, 10 },
    { 90, 0, 20, 10, 80, 60, 80, 70, 80, 50 },
    { 90, 70, 0, 40, 50, 80, 30, 10, 30, 60 },
    { 40, 30, 70, 0, 30, 60, 60, 60, 10, 20 },
    { 60, 20, 10, 20, 0, 40, 90, 80, 60, 10 },
    { 10, 20, 80, 90, 20, 0, 10, 90, 40, 90 },
    { 20, 60, 10, 70, 70, 50, 0, 40, 10, 10 },
    { 90, 70, 70, 70, 10, 10, 20, 0, 80, 90 },
    { 10, 60, 10, 30, 60, 30, 30, 70, 0, 20 },
    { 60, 20, 30, 10, 80, 60, 80, 20, 10, 0 }
};

Matrix dist = {
    { 0, 30, 80, 80, 10, 50, 10, 50, 70, 90 },
    { 10, 0, 50, 90, 90, 10, 80, 90, 60, 10 },
    { 30, 10, 0, 20, 20, 20, 50, 40, 40, 10 },
    { 80, 40, 20, 0, 20, 20, 10, 20, 10, 70 },
    { 20, 10, 60, 50, 0, 30, 30, 10, 70, 10 },
    { 40, 40, 10, 80, 60, 0, 70, 90, 90, 60 },
    { 10, 30, 40, 60, 30, 40, 0, 10, 80, 50 },
    { 30, 90, 40, 20, 90, 70, 40, 0, 60, 70 },
    { 80, 90, 10, 40, 20, 10, 70, 90, 0, 50 },
    { 30, 10, 70, 30, 30, 90, 80, 60, 70, 0 }
};

Matrix dist = {
    { 0, 20, 10, 70, 40, 10, 10, 60, 70, 60 },
    { 70, 0, 30, 30, 30, 90, 40, 20, 10, 30 },
    { 40, 70, 0, 60, 40, 30, 70, 10, 30, 40 },
    { 40, 40, 20, 0, 40, 30, 90, 70, 40, 20 },
    { 90, 80, 30, 60, 0, 10, 70, 80, 30, 10 },
    { 60, 10, 60, 10, 10, 0, 60, 40, 70, 90 },
    { 90, 30, 10, 10, 20, 20, 0, 10, 30, 50 },
    { 10, 60, 10, 90, 30, 10, 10, 0, 50, 10 },
    { 90, 10, 60, 90, 20, 50, 60, 70, 0, 10 },
    { 20, 40, 90, 70, 20, 90, 20, 90, 30, 0 }
};