21 21 
5 2 5 1 9 6 1 3 1 6 2 3 1 3 7 3 3 4 2 3 8 
4 7 1 10 8 6 1 7 2 10 3 4 9 1 1 7 5 5 7 3 9 
8 7 7 10 1 2 4 8 8 8 9 10 9 10 7 1 2 3 3 3 9 
7 4 8 2 9 8 10 5 2 10 6 1 3 4 1 1 1 5 7 5 2 
9 3 3 3 3 10 1 3 4 5 3 1 9 7 4 10 9 6 5 9 4 
4 4 10 7 8 7 7 5 1 3 10 10 10 7 1 2 1 2 6 7 1 
1 3 10 8 3 1 2 7 5 4 6 5 1 1 1 8 4 7 10 2 6 
5 10 3 1 1 5 9 3 7 6 9 2 10 3 7 6 3 1 2 4 1 
5 2 7 5 8 2 5 3 1 5 10 8 6 1 4 3 4 1 4 4 3 
9 6 4 8 3 2 10 4 2 4 2 4 3 1 4 2 5 5 2 5 2 
9 6 6 8 6 7 9 3 4 6 8 4 7 7 4 6 4 8 10 1 9 
9 9 9 6 9 2 3 7 1 9 6 3 8 7 1 3 3 6 8 1 9 
8 6 4 3 9 5 10 10 8 10 3 8 7 1 1 7 5 6 9 1 4 
8 9 5 5 10 7 3 2 7 7 6 4 8 8 9 10 7 10 8 4 1 
8 4 4 9 6 2 10 9 8 3 2 6 7 8 6 7 2 3 3 10 7 
6 10 4 7 4 5 4 5 5 5 7 1 9 5 1 2 9 2 4 2 5 
10 4 8 10 5 10 3 3 9 5 8 10 10 7 9 1 3 1 8 4 3 
3 5 10 2 8 9 1 7 6 5 7 1 3 4 3 1 2 4 5 1 6 
1 9 4 9 8 10 3 6 6 10 6 1 7 6 10 8 10 4 4 3 6 
6 7 7 7 2 8 2 3 6 7 10 7 5 9 6 4 10 10 6 3 2 
7 5 2 8 8 4 7 2 9 6 10 1 7 8 8 7 1 4 4 1 2 
